funcid,dim,milestone,error
17,10,1,2.095723e+02
17,10,2,1.512276e+02
17,10,3,1.142802e+02
17,10,5,5.796510e+01
17,10,10,2.853182e+01
17,10,20,2.185321e+01
17,10,30,1.709493e+00
17,10,40,7.560131e-01
17,10,50,6.441239e-01
17,10,60,6.440759e-01
17,10,70,6.440759e-01
17,10,80,6.440759e-01
17,10,90,6.440759e-01
17,10,100,6.440759e-01
17,10,1,1.731543e+02
17,10,2,8.881769e+01
17,10,3,7.559146e+01
17,10,5,4.792550e+01
17,10,10,3.899443e+01
17,10,20,2.984409e+01
17,10,30,1.359346e+01
17,10,40,8.715280e+00
17,10,50,3.711684e-01
17,10,60,4.540896e-02
17,10,70,1.977154e-02
17,10,80,1.972936e-02
17,10,90,1.972934e-02
17,10,100,1.972934e-02
17,10,1,2.306111e+02
17,10,2,1.627623e+02
17,10,3,8.291634e+01
17,10,5,4.486486e+01
17,10,10,2.875173e+01
17,10,20,9.789395e+00
17,10,30,3.962691e+00
17,10,40,6.671652e-01
17,10,50,3.321075e-01
17,10,60,3.319027e-01
17,10,70,3.319026e-01
17,10,80,3.319026e-01
17,10,90,3.319026e-01
17,10,100,3.319026e-01
17,10,1,2.027875e+02
17,10,2,9.854912e+01
17,10,3,9.747883e+01
17,10,5,5.587275e+01
17,10,10,3.077810e+01
17,10,20,1.548117e+01
17,10,30,1.784207e+00
17,10,40,1.309069e+00
17,10,50,1.307133e+00
17,10,60,1.307132e+00
17,10,70,1.307132e+00
17,10,80,1.307132e+00
17,10,90,1.307132e+00
17,10,100,1.307132e+00
17,10,1,2.113344e+02
17,10,2,1.230819e+02
17,10,3,1.230819e+02
17,10,5,1.016514e+02
17,10,10,3.770395e+01
17,10,20,2.598307e+01
17,10,30,9.786109e+00
17,10,40,1.526311e+00
17,10,50,1.089474e+00
17,10,60,1.014705e+00
17,10,70,1.014688e+00
17,10,80,1.014688e+00
17,10,90,1.014688e+00
17,10,100,1.014688e+00
17,10,1,1.920837e+02
17,10,2,1.181038e+02
17,10,3,1.181038e+02
17,10,5,7.827770e+01
17,10,10,3.143709e+01
17,10,20,2.432594e+01
17,10,30,8.855884e-01
17,10,40,4.406845e-03
17,10,50,5.464283e-07
17,10,60,1.573426e-10
17,10,70,0.000000e+00
17,10,80,0.000000e+00
17,10,90,0.000000e+00
17,10,100,0.000000e+00
17,10,1,1.217445e+02
17,10,2,1.217445e+02
17,10,3,8.415689e+01
17,10,5,5.050470e+01
17,10,10,2.539050e+01
17,10,20,8.855401e+00
17,10,30,1.908592e+00
17,10,40,1.310453e+00
17,10,50,1.307133e+00
17,10,60,1.307132e+00
17,10,70,1.307132e+00
17,10,80,1.307132e+00
17,10,90,1.307132e+00
17,10,100,1.307132e+00
17,10,1,1.664716e+02
17,10,2,1.114343e+02
17,10,3,8.543439e+01
17,10,5,6.094763e+01
17,10,10,4.152907e+01
17,10,20,3.996760e+01
17,10,30,3.548544e+01
17,10,40,1.751128e+01
17,10,50,1.707348e+01
17,10,60,1.706939e+01
17,10,70,1.706939e+01
17,10,80,1.706939e+01
17,10,90,1.706939e+01
17,10,100,1.706939e+01
17,10,1,2.572790e+02
17,10,2,1.139331e+02
17,10,3,1.139331e+02
17,10,5,7.528569e+01
17,10,10,5.398814e+01
17,10,20,3.542061e+01
17,10,30,2.561948e+01
17,10,40,1.713661e+01
17,10,50,1.684594e+01
17,10,60,1.675723e+01
17,10,70,1.675722e+01
17,10,80,1.675722e+01
17,10,90,1.675722e+01
17,10,100,1.675722e+01
17,10,1,1.370084e+02
17,10,2,7.790788e+01
17,10,3,5.864398e+01
17,10,5,5.111115e+01
17,10,10,4.429546e+01
17,10,20,1.803676e+01
17,10,30,1.702348e+01
17,10,40,1.675726e+01
17,10,50,1.675722e+01
17,10,60,1.675722e+01
17,10,70,1.675722e+01
17,10,80,1.675722e+01
17,10,90,1.675722e+01
17,10,100,1.675722e+01
17,10,1,2.266425e+02
17,10,2,1.069824e+02
17,10,3,1.069824e+02
17,10,5,6.285491e+01
17,10,10,3.379109e+01
17,10,20,1.982277e+01
17,10,30,1.085685e+00
17,10,40,6.424645e-01
17,10,50,6.243479e-01
17,10,60,6.243465e-01
17,10,70,6.243465e-01
17,10,80,6.243465e-01
17,10,90,6.243465e-01
17,10,100,6.243465e-01
17,10,1,1.568424e+02
17,10,2,1.283951e+02
17,10,3,1.086331e+02
17,10,5,4.194619e+01
17,10,10,2.998248e+01
17,10,20,2.595055e+01
17,10,30,5.846503e+00
17,10,40,4.954753e-01
17,10,50,3.121892e-01
17,10,60,3.121733e-01
17,10,70,3.121733e-01
17,10,80,3.121733e-01
17,10,90,3.121733e-01
17,10,100,3.121733e-01
17,10,1,2.265261e+02
17,10,2,1.618678e+02
17,10,3,1.181501e+02
17,10,5,7.449645e+01
17,10,10,3.516968e+01
17,10,20,1.781048e+01
17,10,30,2.304210e+00
17,10,40,3.276067e-01
17,10,50,3.121753e-01
17,10,60,3.121733e-01
17,10,70,3.121733e-01
17,10,80,3.121733e-01
17,10,90,3.121733e-01
17,10,100,3.121733e-01
17,10,1,2.450069e+02
17,10,2,2.006476e+02
17,10,3,9.774440e+01
17,10,5,7.317593e+01
17,10,10,3.584324e+01
17,10,20,2.354574e+01
17,10,30,1.283771e+00
17,10,40,6.537069e-01
17,10,50,6.440772e-01
17,10,60,6.440759e-01
17,10,70,6.440759e-01
17,10,80,6.440759e-01
17,10,90,6.440759e-01
17,10,100,6.440759e-01
17,10,1,3.027223e+02
17,10,2,1.049789e+02
17,10,3,9.141618e+01
17,10,5,5.857832e+01
17,10,10,2.841042e+01
17,10,20,1.647809e+01
17,10,30,2.890015e+00
17,10,40,1.718400e+00
17,10,50,1.619314e+00
17,10,60,1.619306e+00
17,10,70,1.619306e+00
17,10,80,1.619306e+00
17,10,90,1.619306e+00
17,10,100,1.619306e+00
17,10,1,2.080853e+02
17,10,2,1.362518e+02
17,10,3,1.067868e+02
17,10,5,7.299089e+01
17,10,10,3.042029e+01
17,10,20,2.742860e+01
17,10,30,1.092009e+01
17,10,40,5.171707e-01
17,10,50,3.124840e-01
17,10,60,3.121733e-01
17,10,70,3.121733e-01
17,10,80,3.121733e-01
17,10,90,3.121733e-01
17,10,100,3.121733e-01
17,10,1,2.367712e+02
17,10,2,9.868303e+01
17,10,3,9.868303e+01
17,10,5,8.266299e+01
17,10,10,3.429971e+01
17,10,20,2.843195e+01
17,10,30,2.218633e+01
17,10,40,2.056404e+01
17,10,50,2.036775e+01
17,10,60,2.014295e+01
17,10,70,2.008106e+01
17,10,80,4.089628e-01
17,10,90,1.140990e-03
17,10,100,1.166002e-07
17,10,1,2.451344e+02
17,10,2,1.596292e+02
17,10,3,1.142404e+02
17,10,5,5.880775e+01
17,10,10,3.207995e+01
17,10,20,2.209138e+01
17,10,30,2.021200e+00
17,10,40,1.335726e-01
17,10,50,1.970504e-05
17,10,60,9.683845e-10
17,10,70,0.000000e+00
17,10,80,0.000000e+00
17,10,90,0.000000e+00
17,10,100,0.000000e+00
17,10,1,1.915545e+02
17,10,2,1.176445e+02
17,10,3,7.774138e+01
17,10,5,4.411199e+01
17,10,10,3.357975e+01
17,10,20,2.751758e+01
17,10,30,1.116128e+01
17,10,40,6.438099e-01
17,10,50,3.441751e-01
17,10,60,3.319108e-01
17,10,70,3.319026e-01
17,10,80,3.319026e-01
17,10,90,3.319026e-01
17,10,100,3.319026e-01
17,10,1,1.778137e+02
17,10,2,1.617739e+02
17,10,3,7.669103e+01
17,10,5,5.132897e+01
17,10,10,3.112169e+01
17,10,20,1.150731e+01
17,10,30,1.746306e+00
17,10,40,1.312015e+00
17,10,50,1.307133e+00
17,10,60,1.307132e+00
17,10,70,1.307132e+00
17,10,80,1.307132e+00
17,10,90,1.307132e+00
17,10,100,1.307132e+00
17,10,1,2.206815e+02
17,10,2,1.486413e+02
17,10,3,9.562061e+01
17,10,5,6.002472e+01
17,10,10,3.418120e+01
17,10,20,1.796009e+01
17,10,30,1.313327e+01
17,10,40,7.556393e-01
17,10,50,3.723628e-01
17,10,60,3.121751e-01
17,10,70,3.121733e-01
17,10,80,3.121733e-01
17,10,90,3.121733e-01
17,10,100,3.121733e-01
17,10,1,2.393879e+02
17,10,2,1.080320e+02
17,10,3,1.080320e+02
17,10,5,5.074504e+01
17,10,10,3.197386e+01
17,10,20,2.475585e+01
17,10,30,2.053187e+01
17,10,40,2.044945e+01
17,10,50,2.040739e+01
17,10,60,2.027107e+01
17,10,70,2.009529e+01
17,10,80,6.425615e-03
17,10,90,2.970926e-07
17,10,100,1.705303e-11
17,10,1,2.235867e+02
17,10,2,2.168130e+02
17,10,3,9.884354e+01
17,10,5,4.542302e+01
17,10,10,2.932547e+01
17,10,20,1.413337e+01
17,10,30,1.379198e+00
17,10,40,1.307136e+00
17,10,50,1.307132e+00
17,10,60,1.307132e+00
17,10,70,1.307132e+00
17,10,80,1.307132e+00
17,10,90,1.307132e+00
17,10,100,1.307132e+00
17,10,1,2.334861e+02
17,10,2,8.511877e+01
17,10,3,8.511877e+01
17,10,5,6.106612e+01
17,10,10,5.673058e+01
17,10,20,5.145793e+01
17,10,30,2.834484e+01
17,10,40,1.861441e+01
17,10,50,1.675757e+01
17,10,60,1.675722e+01
17,10,70,1.675722e+01
17,10,80,1.675722e+01
17,10,90,1.675722e+01
17,10,100,1.675722e+01
17,10,1,1.435716e+02
17,10,2,1.078385e+02
17,10,3,7.809770e+01
17,10,5,5.280913e+01
17,10,10,2.870328e+01
17,10,20,2.364596e+01
17,10,30,2.082787e+01
17,10,40,2.055018e+01
17,10,50,2.041292e+01
17,10,60,2.019142e+01
17,10,70,2.001962e+01
17,10,80,2.001962e+01
17,10,90,2.001962e+01
17,10,100,2.001962e+01
17,10,1,2.001455e+02
17,10,2,8.424312e+01
17,10,3,8.424312e+01
17,10,5,5.057495e+01
17,10,10,3.495845e+01
17,10,20,2.276805e+01
17,10,30,1.376370e+01
17,10,40,8.780893e-01
17,10,50,3.359223e-01
17,10,60,3.121750e-01
17,10,70,3.121733e-01
17,10,80,3.121733e-01
17,10,90,3.121733e-01
17,10,100,3.121733e-01
17,10,1,1.786427e+02
17,10,2,1.218928e+02
17,10,3,8.174331e+01
17,10,5,4.439305e+01
17,10,10,2.807311e+01
17,10,20,8.424395e+00
17,10,30,9.979037e-01
17,10,40,3.274903e-01
17,10,50,3.121781e-01
17,10,60,3.121733e-01
17,10,70,3.121733e-01
17,10,80,3.121733e-01
17,10,90,3.121733e-01
17,10,100,3.121733e-01
17,10,1,2.475989e+02
17,10,2,8.670590e+01
17,10,3,8.670590e+01
17,10,5,5.729565e+01
17,10,10,3.362795e+01
17,10,20,2.156269e+01
17,10,30,7.439217e-01
17,10,40,3.322858e-01
17,10,50,3.319027e-01
17,10,60,3.319026e-01
17,10,70,3.319026e-01
17,10,80,3.319026e-01
17,10,90,3.319026e-01
17,10,100,3.319026e-01
17,10,1,2.544468e+02
17,10,2,1.142271e+02
17,10,3,1.142271e+02
17,10,5,5.447694e+01
17,10,10,4.457957e+01
17,10,20,3.089381e+01
17,10,30,1.729770e+01
17,10,40,1.681447e+01
17,10,50,1.677698e+01
17,10,60,1.677695e+01
17,10,70,1.677695e+01
17,10,80,1.677695e+01
17,10,90,1.677695e+01
17,10,100,1.677695e+01
17,10,1,2.342446e+02
17,10,2,1.299954e+02
17,10,3,1.005426e+02
17,10,5,7.204632e+01
17,10,10,3.065485e+01
17,10,20,1.946086e+01
17,10,30,1.897650e+01
17,10,40,5.338624e+00
17,10,50,5.809029e-01
17,10,60,3.123599e-01
17,10,70,3.121733e-01
17,10,80,3.121733e-01
17,10,90,3.121733e-01
17,10,100,3.121733e-01
17,10,1,2.017648e+02
17,10,2,1.092966e+02
17,10,3,7.056092e+01
17,10,5,6.932668e+01
17,10,10,4.073347e+01
17,10,20,2.498835e+01
17,10,30,9.421598e+00
17,10,40,4.472771e-01
17,10,50,4.876294e-04
17,10,60,1.365856e-08
17,10,70,3.637979e-12
17,10,80,0.000000e+00
17,10,90,0.000000e+00
17,10,100,0.000000e+00
