funcid,dim,milestone,error
12,50,1,4.908947e+08
12,50,2,6.042341e+07
12,50,3,2.666508e+07
12,50,5,1.491629e+07
12,50,10,6.339075e+06
12,50,20,1.959071e+06
12,50,30,1.210679e+06
12,50,40,7.588506e+05
12,50,50,4.102543e+05
12,50,60,2.340636e+05
12,50,70,1.886870e+05
12,50,80,1.795096e+05
12,50,90,1.708752e+05
12,50,100,1.649900e+05
12,50,1,1.722320e+09
12,50,2,1.169188e+08
12,50,3,1.462207e+07
12,50,5,6.896856e+06
12,50,10,3.182094e+06
12,50,20,9.356557e+05
12,50,30,2.184143e+05
12,50,40,1.060958e+05
12,50,50,7.877964e+04
12,50,60,7.242067e+04
12,50,70,6.670004e+04
12,50,80,6.418363e+04
12,50,90,6.193541e+04
12,50,100,6.052845e+04
12,50,1,1.119487e+09
12,50,2,5.808236e+07
12,50,3,1.207276e+07
12,50,5,4.817757e+06
12,50,10,2.049531e+06
12,50,20,6.755323e+05
12,50,30,3.183700e+05
12,50,40,1.093618e+05
12,50,50,4.756055e+04
12,50,60,4.434094e+04
12,50,70,3.800766e+04
12,50,80,3.604803e+04
12,50,90,3.470195e+04
12,50,100,3.178955e+04
12,50,1,6.109583e+08
12,50,2,4.920172e+07
12,50,3,1.451344e+07
12,50,5,5.710466e+06
12,50,10,1.767691e+06
12,50,20,8.175657e+05
12,50,30,3.870851e+05
12,50,40,2.300205e+05
12,50,50,1.732427e+05
12,50,60,1.566083e+05
12,50,70,1.486661e+05
12,50,80,1.430635e+05
12,50,90,1.390815e+05
12,50,100,1.341130e+05
12,50,1,8.894848e+08
12,50,2,4.965952e+07
12,50,3,1.288443e+07
12,50,5,4.288174e+06
12,50,10,4.281710e+05
12,50,20,2.285386e+05
12,50,30,1.844844e+05
12,50,40,1.281509e+05
12,50,50,9.503921e+04
12,50,60,9.001250e+04
12,50,70,8.595079e+04
12,50,80,8.238044e+04
12,50,90,7.830331e+04
12,50,100,7.440541e+04
12,50,1,1.663924e+09
12,50,2,1.660726e+08
12,50,3,1.637697e+07
12,50,5,1.159865e+06
12,50,10,5.395796e+05
12,50,20,3.981098e+05
12,50,30,2.300042e+05
12,50,40,1.687619e+05
12,50,50,1.374759e+05
12,50,60,1.144150e+05
12,50,70,1.041874e+05
12,50,80,9.885423e+04
12,50,90,9.252557e+04
12,50,100,8.838523e+04
12,50,1,1.527356e+09
12,50,2,1.400879e+08
12,50,3,2.780952e+07
12,50,5,5.414643e+06
12,50,10,4.144925e+05
12,50,20,1.545276e+05
12,50,30,1.438861e+05
12,50,40,1.422430e+05
12,50,50,1.375847e+05
12,50,60,1.330529e+05
12,50,70,1.293713e+05
12,50,80,1.258023e+05
12,50,90,1.223787e+05
12,50,100,1.194119e+05
12,50,1,4.655150e+08
12,50,2,6.470678e+07
12,50,3,2.390886e+07
12,50,5,5.198457e+06
12,50,10,2.118187e+06
12,50,20,7.780905e+05
12,50,30,3.808404e+05
12,50,40,1.813388e+05
12,50,50,9.515864e+04
12,50,60,7.526135e+04
12,50,70,6.712265e+04
12,50,80,6.261720e+04
12,50,90,5.796812e+04
12,50,100,5.282061e+04
12,50,1,1.183753e+09
12,50,2,9.242317e+07
12,50,3,2.014800e+07
12,50,5,6.472545e+06
12,50,10,1.402377e+06
12,50,20,5.513983e+05
12,50,30,3.909826e+05
12,50,40,2.966840e+05
12,50,50,1.611722e+05
12,50,60,1.351464e+05
12,50,70,1.244895e+05
12,50,80,1.167903e+05
12,50,90,1.089056e+05
12,50,100,1.028969e+05
12,50,1,8.093922e+08
12,50,2,8.412314e+07
12,50,3,2.687217e+07
12,50,5,8.307597e+06
12,50,10,2.542054e+06
12,50,20,4.304561e+05
12,50,30,1.561544e+05
12,50,40,1.087540e+05
12,50,50,9.805952e+04
12,50,60,9.588799e+04
12,50,70,9.377341e+04
12,50,80,9.199964e+04
12,50,90,9.105091e+04
12,50,100,8.972330e+04
12,50,1,1.267603e+09
12,50,2,9.740116e+07
12,50,3,8.445714e+06
12,50,5,1.961657e+06
12,50,10,1.192113e+06
12,50,20,4.417414e+05
12,50,30,2.234289e+05
12,50,40,1.654609e+05
12,50,50,1.367336e+05
12,50,60,1.358675e+05
12,50,70,1.305039e+05
12,50,80,1.256174e+05
12,50,90,1.219106e+05
12,50,100,1.180893e+05
12,50,1,8.866673e+08
12,50,2,1.117264e+08
12,50,3,2.033244e+07
12,50,5,7.554594e+06
12,50,10,2.536212e+06
12,50,20,3.383234e+05
12,50,30,1.602521e+05
12,50,40,1.108854e+05
12,50,50,9.913229e+04
12,50,60,9.155739e+04
12,50,70,8.457918e+04
12,50,80,8.058207e+04
12,50,90,7.751592e+04
12,50,100,7.494781e+04
12,50,1,5.326275e+08
12,50,2,7.531272e+07
12,50,3,1.119317e+07
12,50,5,3.657054e+06
12,50,10,2.346745e+06
12,50,20,9.483729e+05
12,50,30,5.295108e+05
12,50,40,3.599015e+05
12,50,50,2.586413e+05
12,50,60,1.863281e+05
12,50,70,1.671130e+05
12,50,80,1.581781e+05
12,50,90,1.536050e+05
12,50,100,1.495149e+05
12,50,1,8.961256e+08
12,50,2,6.346395e+07
12,50,3,2.193417e+07
12,50,5,1.109580e+07
12,50,10,1.508295e+06
12,50,20,5.076507e+05
12,50,30,1.666333e+05
12,50,40,9.141827e+04
12,50,50,8.206686e+04
12,50,60,7.165986e+04
12,50,70,6.570108e+04
12,50,80,6.088627e+04
12,50,90,5.784692e+04
12,50,100,5.587281e+04
12,50,1,8.085718e+08
12,50,2,4.686524e+07
12,50,3,1.731730e+07
12,50,5,9.856789e+06
12,50,10,1.541820e+06
12,50,20,3.161269e+05
12,50,30,2.054476e+05
12,50,40,1.895493e+05
12,50,50,1.885104e+05
12,50,60,1.877625e+05
12,50,70,1.873278e+05
12,50,80,1.871840e+05
12,50,90,1.864191e+05
12,50,100,1.824929e+05
12,50,1,6.362089e+08
12,50,2,4.521743e+07
12,50,3,1.127144e+07
12,50,5,1.867464e+06
12,50,10,7.477329e+05
12,50,20,3.628923e+05
12,50,30,2.164768e+05
12,50,40,1.457715e+05
12,50,50,1.336737e+05
12,50,60,1.252800e+05
12,50,70,1.195664e+05
12,50,80,1.136323e+05
12,50,90,1.105451e+05
12,50,100,1.068461e+05
12,50,1,7.669544e+08
12,50,2,3.749219e+07
12,50,3,6.143567e+06
12,50,5,1.626232e+06
12,50,10,1.115717e+06
12,50,20,7.423598e+05
12,50,30,4.297655e+05
12,50,40,2.214602e+05
12,50,50,1.819175e+05
12,50,60,1.591565e+05
12,50,70,1.516596e+05
12,50,80,1.475071e+05
12,50,90,1.381489e+05
12,50,100,1.302944e+05
12,50,1,7.989842e+08
12,50,2,1.332906e+08
12,50,3,2.749146e+07
12,50,5,7.276320e+06
12,50,10,2.701288e+06
12,50,20,1.216292e+06
12,50,30,7.295006e+05
12,50,40,3.338901e+05
12,50,50,2.206225e+05
12,50,60,1.665620e+05
12,50,70,1.428520e+05
12,50,80,1.039772e+05
12,50,90,1.008028e+05
12,50,100,1.001419e+05
12,50,1,7.985380e+08
12,50,2,6.959270e+07
12,50,3,2.290442e+07
12,50,5,1.048639e+07
12,50,10,1.737784e+06
12,50,20,6.594824e+05
12,50,30,4.641382e+05
12,50,40,2.580534e+05
12,50,50,1.748049e+05
12,50,60,1.272732e+05
12,50,70,9.867371e+04
12,50,80,8.706214e+04
12,50,90,8.309265e+04
12,50,100,8.013495e+04
12,50,1,1.156243e+09
12,50,2,9.308831e+07
12,50,3,1.809483e+07
12,50,5,7.063848e+06
12,50,10,2.227062e+06
12,50,20,7.780992e+05
12,50,30,4.133756e+05
12,50,40,1.467664e+05
12,50,50,1.075879e+05
12,50,60,1.063806e+05
12,50,70,1.046382e+05
12,50,80,1.005664e+05
12,50,90,9.883940e+04
12,50,100,9.630334e+04
12,50,1,9.067254e+08
12,50,2,7.274289e+07
12,50,3,8.056219e+06
12,50,5,2.136174e+06
12,50,10,1.293263e+06
12,50,20,5.581661e+05
12,50,30,2.620106e+05
12,50,40,1.498095e+05
12,50,50,7.098000e+04
12,50,60,5.270125e+04
12,50,70,4.481128e+04
12,50,80,4.189412e+04
12,50,90,3.967153e+04
12,50,100,3.770260e+04
12,50,1,7.649953e+08
12,50,2,1.177684e+08
12,50,3,2.855317e+07
12,50,5,7.276754e+06
12,50,10,3.064764e+06
12,50,20,6.188590e+05
12,50,30,2.512466e+05
12,50,40,1.548028e+05
12,50,50,1.492736e+05
12,50,60,1.418430e+05
12,50,70,1.309155e+05
12,50,80,1.208199e+05
12,50,90,1.156459e+05
12,50,100,1.108293e+05
12,50,1,8.352459e+08
12,50,2,5.982107e+07
12,50,3,1.616926e+07
12,50,5,6.114539e+06
12,50,10,9.362637e+05
12,50,20,1.274101e+05
12,50,30,8.709985e+04
12,50,40,7.071958e+04
12,50,50,3.168326e+04
12,50,60,2.828292e+04
12,50,70,2.635622e+04
12,50,80,2.447616e+04
12,50,90,2.305950e+04
12,50,100,2.089702e+04
12,50,1,1.008783e+09
12,50,2,5.225194e+07
12,50,3,1.519968e+07
12,50,5,6.932235e+06
12,50,10,2.115103e+06
12,50,20,1.032761e+06
12,50,30,6.782903e+05
12,50,40,4.499593e+05
12,50,50,2.529258e+05
12,50,60,1.552093e+05
12,50,70,1.460575e+05
12,50,80,1.376481e+05
12,50,90,1.319368e+05
12,50,100,1.284488e+05
12,50,1,1.081322e+09
12,50,2,7.926705e+07
12,50,3,2.001992e+07
12,50,5,3.688017e+06
12,50,10,2.219256e+06
12,50,20,8.047399e+05
12,50,30,5.022649e+05
12,50,40,3.299230e+05
12,50,50,1.873214e+05
12,50,60,1.139339e+05
12,50,70,9.080934e+04
12,50,80,8.751339e+04
12,50,90,8.326086e+04
12,50,100,8.214366e+04
12,50,1,8.042068e+08
12,50,2,2.586848e+07
12,50,3,4.338033e+06
12,50,5,4.915514e+05
12,50,10,1.995024e+05
12,50,20,1.846797e+05
12,50,30,1.805143e+05
12,50,40,1.796654e+05
12,50,50,1.791699e+05
12,50,60,1.783936e+05
12,50,70,1.709717e+05
12,50,80,1.543619e+05
12,50,90,1.467674e+05
12,50,100,1.387049e+05
12,50,1,8.690426e+08
12,50,2,4.439378e+07
12,50,3,9.033272e+06
12,50,5,4.601389e+06
12,50,10,2.619224e+06
12,50,20,9.117217e+05
12,50,30,4.484558e+05
12,50,40,1.233842e+05
12,50,50,1.123715e+05
12,50,60,1.035019e+05
12,50,70,8.163070e+04
12,50,80,7.630107e+04
12,50,90,6.841531e+04
12,50,100,6.574456e+04
12,50,1,8.749028e+08
12,50,2,1.092231e+08
12,50,3,3.572203e+07
12,50,5,6.138760e+06
12,50,10,1.459988e+06
12,50,20,6.462456e+05
12,50,30,2.812990e+05
12,50,40,1.901709e+05
12,50,50,1.861705e+05
12,50,60,1.830958e+05
12,50,70,1.787551e+05
12,50,80,1.772878e+05
12,50,90,1.674482e+05
12,50,100,1.636427e+05
12,50,1,8.158224e+08
12,50,2,3.602553e+07
12,50,3,1.299633e+07
12,50,5,4.010555e+06
12,50,10,3.130183e+06
12,50,20,2.144344e+06
12,50,30,1.323799e+06
12,50,40,8.165129e+05
12,50,50,3.674313e+05
12,50,60,2.145134e+05
12,50,70,1.235869e+05
12,50,80,6.986775e+04
12,50,90,4.330160e+04
12,50,100,3.611068e+04
12,50,1,8.403846e+08
12,50,2,6.883038e+07
12,50,3,2.566472e+07
12,50,5,6.272311e+06
12,50,10,2.528907e+06
12,50,20,1.255654e+06
12,50,30,7.281524e+05
12,50,40,4.339949e+05
12,50,50,2.382566e+05
12,50,60,1.710896e+05
12,50,70,1.143915e+05
12,50,80,9.756877e+04
12,50,90,9.074258e+04
12,50,100,8.773232e+04
12,50,1,8.010100e+08
12,50,2,6.152192e+07
12,50,3,1.478146e+07
12,50,5,1.232576e+06
12,50,10,6.351794e+05
12,50,20,1.759229e+05
12,50,30,1.513788e+05
12,50,40,1.244538e+05
12,50,50,1.080524e+05
12,50,60,1.001852e+05
12,50,70,9.589321e+04
12,50,80,8.747931e+04
12,50,90,8.342364e+04
12,50,100,7.820090e+04
