funcid,dim,milestone,error
9,10,1,9.849448e+02
9,10,2,1.836838e+02
9,10,3,6.823389e+01
9,10,5,3.440986e+00
9,10,10,1.045098e-03
9,10,20,1.136868e-13
9,10,30,0.000000e+00
9,10,40,0.000000e+00
9,10,50,0.000000e+00
9,10,60,0.000000e+00
9,10,70,0.000000e+00
9,10,80,0.000000e+00
9,10,90,0.000000e+00
9,10,100,0.000000e+00
9,10,1,8.663061e+02
9,10,2,1.939239e+02
9,10,3,7.768179e+01
9,10,5,2.144894e+00
9,10,10,3.177740e-04
9,10,20,1.136868e-13
9,10,30,0.000000e+00
9,10,40,0.000000e+00
9,10,50,0.000000e+00
9,10,60,0.000000e+00
9,10,70,0.000000e+00
9,10,80,0.000000e+00
9,10,90,0.000000e+00
9,10,100,0.000000e+00
9,10,1,6.014858e+02
9,10,2,3.070968e+02
9,10,3,9.508509e+01
9,10,5,2.621218e+00
9,10,10,2.956783e-04
9,10,20,0.000000e+00
9,10,30,0.000000e+00
9,10,40,0.000000e+00
9,10,50,0.000000e+00
9,10,60,0.000000e+00
9,10,70,0.000000e+00
9,10,80,0.000000e+00
9,10,90,0.000000e+00
9,10,100,0.000000e+00
9,10,1,5.418494e+02
9,10,2,8.225070e+01
9,10,3,3.751077e+01
9,10,5,1.236033e+00
9,10,10,2.982424e-04
9,10,20,1.136868e-13
9,10,30,0.000000e+00
9,10,40,0.000000e+00
9,10,50,0.000000e+00
9,10,60,0.000000e+00
9,10,70,0.000000e+00
9,10,80,0.000000e+00
9,10,90,0.000000e+00
9,10,100,0.000000e+00
9,10,1,1.145580e+03
9,10,2,4.010238e+02
9,10,3,8.603722e+01
9,10,5,5.011899e+00
9,10,10,1.039287e-03
9,10,20,2.273737e-13
9,10,30,0.000000e+00
9,10,40,0.000000e+00
9,10,50,0.000000e+00
9,10,60,0.000000e+00
9,10,70,0.000000e+00
9,10,80,0.000000e+00
9,10,90,0.000000e+00
9,10,100,0.000000e+00
9,10,1,3.813139e+02
9,10,2,1.588398e+02
9,10,3,4.297299e+01
9,10,5,1.796696e+00
9,10,10,2.247260e-04
9,10,20,0.000000e+00
9,10,30,0.000000e+00
9,10,40,0.000000e+00
9,10,50,0.000000e+00
9,10,60,0.000000e+00
9,10,70,0.000000e+00
9,10,80,0.000000e+00
9,10,90,0.000000e+00
9,10,100,0.000000e+00
9,10,1,4.901998e+02
9,10,2,6.519562e+01
9,10,3,1.258077e+01
9,10,5,4.380295e-01
9,10,10,2.298244e-05
9,10,20,0.000000e+00
9,10,30,0.000000e+00
9,10,40,0.000000e+00
9,10,50,0.000000e+00
9,10,60,0.000000e+00
9,10,70,0.000000e+00
9,10,80,0.000000e+00
9,10,90,0.000000e+00
9,10,100,0.000000e+00
9,10,1,7.245479e+02
9,10,2,1.761093e+02
9,10,3,2.074905e+01
9,10,5,1.206644e+00
9,10,10,1.108800e-04
9,10,20,0.000000e+00
9,10,30,0.000000e+00
9,10,40,0.000000e+00
9,10,50,0.000000e+00
9,10,60,0.000000e+00
9,10,70,0.000000e+00
9,10,80,0.000000e+00
9,10,90,0.000000e+00
9,10,100,0.000000e+00
9,10,1,9.146574e+02
9,10,2,2.040331e+02
9,10,3,1.101591e+01
9,10,5,5.702725e-01
9,10,10,3.553063e-05
9,10,20,0.000000e+00
9,10,30,0.000000e+00
9,10,40,0.000000e+00
9,10,50,0.000000e+00
9,10,60,0.000000e+00
9,10,70,0.000000e+00
9,10,80,0.000000e+00
9,10,90,0.000000e+00
9,10,100,0.000000e+00
9,10,1,6.239424e+02
9,10,2,2.146671e+02
9,10,3,3.215233e+01
9,10,5,2.279967e+00
9,10,10,1.388969e-04
9,10,20,1.136868e-13
9,10,30,0.000000e+00
9,10,40,0.000000e+00
9,10,50,0.000000e+00
9,10,60,0.000000e+00
9,10,70,0.000000e+00
9,10,80,0.000000e+00
9,10,90,0.000000e+00
9,10,100,0.000000e+00
9,10,1,1.054472e+03
9,10,2,1.819741e+02
9,10,3,2.060558e+01
9,10,5,6.418535e-01
9,10,10,4.992595e-05
9,10,20,0.000000e+00
9,10,30,0.000000e+00
9,10,40,0.000000e+00
9,10,50,0.000000e+00
9,10,60,0.000000e+00
9,10,70,0.000000e+00
9,10,80,0.000000e+00
9,10,90,0.000000e+00
9,10,100,0.000000e+00
9,10,1,9.161981e+02
9,10,2,1.266841e+02
9,10,3,7.001064e+01
9,10,5,4.727032e+00
9,10,10,8.841870e-04
9,10,20,7.958079e-13
9,10,30,0.000000e+00
9,10,40,0.000000e+00
9,10,50,0.000000e+00
9,10,60,0.000000e+00
9,10,70,0.000000e+00
9,10,80,0.000000e+00
9,10,90,0.000000e+00
9,10,100,0.000000e+00
9,10,1,8.366927e+02
9,10,2,3.850102e+02
9,10,3,7.066069e+01
9,10,5,1.379857e+00
9,10,10,2.122209e-04
9,10,20,0.000000e+00
9,10,30,0.000000e+00
9,10,40,0.000000e+00
9,10,50,0.000000e+00
9,10,60,0.000000e+00
9,10,70,0.000000e+00
9,10,80,0.000000e+00
9,10,90,0.000000e+00
9,10,100,0.000000e+00
9,10,1,1.004698e+03
9,10,2,1.574868e+02
9,10,3,1.982521e+01
9,10,5,1.607889e+00
9,10,10,1.419640e-04
9,10,20,1.136868e-13
9,10,30,0.000000e+00
9,10,40,0.000000e+00
9,10,50,0.000000e+00
9,10,60,0.000000e+00
9,10,70,0.000000e+00
9,10,80,0.000000e+00
9,10,90,0.000000e+00
9,10,100,0.000000e+00
9,10,1,6.063622e+02
9,10,2,2.363749e+02
9,10,3,2.160937e+01
9,10,5,2.245039e+00
9,10,10,1.282094e-04
9,10,20,0.000000e+00
9,10,30,0.000000e+00
9,10,40,0.000000e+00
9,10,50,0.000000e+00
9,10,60,0.000000e+00
9,10,70,0.000000e+00
9,10,80,0.000000e+00
9,10,90,0.000000e+00
9,10,100,0.000000e+00
9,10,1,9.348293e+02
9,10,2,8.088577e+01
9,10,3,1.573367e+01
9,10,5,5.875962e-01
9,10,10,7.354154e-05
9,10,20,0.000000e+00
9,10,30,0.000000e+00
9,10,40,0.000000e+00
9,10,50,0.000000e+00
9,10,60,0.000000e+00
9,10,70,0.000000e+00
9,10,80,0.000000e+00
9,10,90,0.000000e+00
9,10,100,0.000000e+00
9,10,1,6.357959e+02
9,10,2,1.891799e+02
9,10,3,3.846696e+01
9,10,5,8.625977e-01
9,10,10,1.824312e-05
9,10,20,0.000000e+00
9,10,30,0.000000e+00
9,10,40,0.000000e+00
9,10,50,0.000000e+00
9,10,60,0.000000e+00
9,10,70,0.000000e+00
9,10,80,0.000000e+00
9,10,90,0.000000e+00
9,10,100,0.000000e+00
9,10,1,6.347463e+02
9,10,2,1.180819e+02
9,10,3,1.927643e+01
9,10,5,7.720582e-01
9,10,10,3.317332e-04
9,10,20,3.410605e-13
9,10,30,0.000000e+00
9,10,40,0.000000e+00
9,10,50,0.000000e+00
9,10,60,0.000000e+00
9,10,70,0.000000e+00
9,10,80,0.000000e+00
9,10,90,0.000000e+00
9,10,100,0.000000e+00
9,10,1,1.422943e+03
9,10,2,2.897105e+02
9,10,3,1.268292e+02
9,10,5,1.245023e+00
9,10,10,1.887475e-04
9,10,20,1.136868e-13
9,10,30,0.000000e+00
9,10,40,0.000000e+00
9,10,50,0.000000e+00
9,10,60,0.000000e+00
9,10,70,0.000000e+00
9,10,80,0.000000e+00
9,10,90,0.000000e+00
9,10,100,0.000000e+00
9,10,1,7.557293e+02
9,10,2,3.151944e+02
9,10,3,6.234367e+01
9,10,5,1.410171e+00
9,10,10,7.992600e-05
9,10,20,0.000000e+00
9,10,30,0.000000e+00
9,10,40,0.000000e+00
9,10,50,0.000000e+00
9,10,60,0.000000e+00
9,10,70,0.000000e+00
9,10,80,0.000000e+00
9,10,90,0.000000e+00
9,10,100,0.000000e+00
9,10,1,4.287637e+02
9,10,2,1.831390e+02
9,10,3,2.466698e+01
9,10,5,1.621034e+00
9,10,10,9.688464e-05
9,10,20,0.000000e+00
9,10,30,0.000000e+00
9,10,40,0.000000e+00
9,10,50,0.000000e+00
9,10,60,0.000000e+00
9,10,70,0.000000e+00
9,10,80,0.000000e+00
9,10,90,0.000000e+00
9,10,100,0.000000e+00
9,10,1,5.032491e+02
9,10,2,1.424757e+02
9,10,3,3.000226e+01
9,10,5,9.424220e-01
9,10,10,1.852891e-04
9,10,20,0.000000e+00
9,10,30,0.000000e+00
9,10,40,0.000000e+00
9,10,50,0.000000e+00
9,10,60,0.000000e+00
9,10,70,0.000000e+00
9,10,80,0.000000e+00
9,10,90,0.000000e+00
9,10,100,0.000000e+00
9,10,1,7.920860e+02
9,10,2,1.128385e+02
9,10,3,3.022982e+01
9,10,5,7.396148e-01
9,10,10,7.332504e-06
9,10,20,0.000000e+00
9,10,30,0.000000e+00
9,10,40,0.000000e+00
9,10,50,0.000000e+00
9,10,60,0.000000e+00
9,10,70,0.000000e+00
9,10,80,0.000000e+00
9,10,90,0.000000e+00
9,10,100,0.000000e+00
9,10,1,5.060095e+02
9,10,2,1.790727e+02
9,10,3,3.359451e+01
9,10,5,3.489176e+00
9,10,10,6.676131e-04
9,10,20,1.136868e-13
9,10,30,0.000000e+00
9,10,40,0.000000e+00
9,10,50,0.000000e+00
9,10,60,0.000000e+00
9,10,70,0.000000e+00
9,10,80,0.000000e+00
9,10,90,0.000000e+00
9,10,100,0.000000e+00
9,10,1,5.691376e+02
9,10,2,1.762322e+02
9,10,3,3.810138e+01
9,10,5,9.216578e-01
9,10,10,1.316747e-04
9,10,20,0.000000e+00
9,10,30,0.000000e+00
9,10,40,0.000000e+00
9,10,50,0.000000e+00
9,10,60,0.000000e+00
9,10,70,0.000000e+00
9,10,80,0.000000e+00
9,10,90,0.000000e+00
9,10,100,0.000000e+00
9,10,1,5.507459e+02
9,10,2,1.740870e+02
9,10,3,2.658633e+01
9,10,5,2.033060e+00
9,10,10,4.244001e-04
9,10,20,0.000000e+00
9,10,30,0.000000e+00
9,10,40,0.000000e+00
9,10,50,0.000000e+00
9,10,60,0.000000e+00
9,10,70,0.000000e+00
9,10,80,0.000000e+00
9,10,90,0.000000e+00
9,10,100,0.000000e+00
9,10,1,7.537273e+02
9,10,2,1.727123e+02
9,10,3,4.131825e+01
9,10,5,3.303218e+00
9,10,10,3.095761e-04
9,10,20,1.136868e-13
9,10,30,0.000000e+00
9,10,40,0.000000e+00
9,10,50,0.000000e+00
9,10,60,0.000000e+00
9,10,70,0.000000e+00
9,10,80,0.000000e+00
9,10,90,0.000000e+00
9,10,100,0.000000e+00
9,10,1,4.657028e+02
9,10,2,1.282560e+02
9,10,3,1.481646e+01
9,10,5,3.935176e-01
9,10,10,6.212521e-05
9,10,20,0.000000e+00
9,10,30,0.000000e+00
9,10,40,0.000000e+00
9,10,50,0.000000e+00
9,10,60,0.000000e+00
9,10,70,0.000000e+00
9,10,80,0.000000e+00
9,10,90,0.000000e+00
9,10,100,0.000000e+00
9,10,1,2.791464e+02
9,10,2,6.381698e+01
9,10,3,1.813279e+01
9,10,5,4.804111e-01
9,10,10,5.843342e-06
9,10,20,0.000000e+00
9,10,30,0.000000e+00
9,10,40,0.000000e+00
9,10,50,0.000000e+00
9,10,60,0.000000e+00
9,10,70,0.000000e+00
9,10,80,0.000000e+00
9,10,90,0.000000e+00
9,10,100,0.000000e+00
9,10,1,7.412105e+02
9,10,2,1.907104e+02
9,10,3,4.903116e+01
9,10,5,3.985324e+00
9,10,10,1.932572e-04
9,10,20,0.000000e+00
9,10,30,0.000000e+00
9,10,40,0.000000e+00
9,10,50,0.000000e+00
9,10,60,0.000000e+00
9,10,70,0.000000e+00
9,10,80,0.000000e+00
9,10,90,0.000000e+00
9,10,100,0.000000e+00
9,10,1,5.381264e+02
9,10,2,1.325050e+02
9,10,3,8.112105e+00
9,10,5,5.471551e-01
9,10,10,1.916297e-05
9,10,20,0.000000e+00
9,10,30,0.000000e+00
9,10,40,0.000000e+00
9,10,50,0.000000e+00
9,10,60,0.000000e+00
9,10,70,0.000000e+00
9,10,80,0.000000e+00
9,10,90,0.000000e+00
9,10,100,0.000000e+00
