funcid,dim,milestone,error
15,50,1,2.876247e+06
15,50,2,2.803061e+04
15,50,3,7.687403e+03
15,50,5,4.845792e+03
15,50,10,4.249017e+03
15,50,20,4.072491e+03
15,50,30,4.070146e+03
15,50,40,4.069876e+03
15,50,50,4.069306e+03
15,50,60,4.068685e+03
15,50,70,4.067838e+03
15,50,80,4.067450e+03
15,50,90,4.067145e+03
15,50,100,4.066784e+03
15,50,1,5.223790e+06
15,50,2,3.153738e+04
15,50,3,1.627427e+04
15,50,5,1.018429e+04
15,50,10,8.297413e+03
15,50,20,7.855356e+03
15,50,30,2.269649e+03
15,50,40,2.421400e+02
15,50,50,1.784281e+02
15,50,60,1.664321e+02
15,50,70,1.371656e+02
15,50,80,6.365320e+01
15,50,90,6.340951e+01
15,50,100,6.331920e+01
15,50,1,2.322767e+06
15,50,2,6.736300e+04
15,50,3,1.786295e+04
15,50,5,1.072170e+04
15,50,10,8.715161e+03
15,50,20,8.663213e+03
15,50,30,8.471249e+03
15,50,40,8.470130e+03
15,50,50,8.469070e+03
15,50,60,8.467961e+03
15,50,70,8.466701e+03
15,50,80,8.465709e+03
15,50,90,8.464522e+03
15,50,100,8.463820e+03
15,50,1,1.666057e+06
15,50,2,5.896650e+04
15,50,3,1.712669e+04
15,50,5,1.263825e+04
15,50,10,9.769454e+03
15,50,20,5.267232e+03
15,50,30,3.736638e+03
15,50,40,2.824425e+03
15,50,50,2.051273e+03
15,50,60,9.637108e+02
15,50,70,2.609600e+02
15,50,80,2.411062e+02
15,50,90,1.487166e+02
15,50,100,1.485314e+02
15,50,1,1.463822e+06
15,50,2,4.683264e+04
15,50,3,2.419542e+04
15,50,5,1.723764e+04
15,50,10,1.313070e+04
15,50,20,1.164952e+04
15,50,30,1.163895e+04
15,50,40,1.161287e+04
15,50,50,1.135357e+04
15,50,60,1.123497e+04
15,50,70,1.116391e+04
15,50,80,1.113692e+04
15,50,90,1.102915e+04
15,50,100,1.102828e+04
15,50,1,1.746380e+07
15,50,2,8.432249e+04
15,50,3,1.132932e+04
15,50,5,5.354859e+03
15,50,10,2.446117e+03
15,50,20,2.098392e+03
15,50,30,2.003914e+03
15,50,40,1.743063e+03
15,50,50,1.198362e+03
15,50,60,7.664905e+02
15,50,70,6.423553e+02
15,50,80,6.383637e+02
15,50,90,6.381741e+02
15,50,100,6.377918e+02
15,50,1,1.273654e+07
15,50,2,5.837653e+04
15,50,3,6.186416e+03
15,50,5,8.722567e+02
15,50,10,3.268424e+02
15,50,20,2.295066e+02
15,50,30,1.691086e+02
15,50,40,9.196636e+01
15,50,50,4.307478e+01
15,50,60,4.296057e+01
15,50,70,4.291981e+01
15,50,80,4.290596e+01
15,50,90,4.290053e+01
15,50,100,4.289384e+01
15,50,1,2.425234e+06
15,50,2,1.488919e+05
15,50,3,3.231608e+04
15,50,5,4.930783e+03
15,50,10,9.850281e+02
15,50,20,7.043255e+02
15,50,30,5.894919e+02
15,50,40,5.890178e+02
15,50,50,5.888733e+02
15,50,60,5.888107e+02
15,50,70,5.887444e+02
15,50,80,5.886949e+02
15,50,90,5.886228e+02
15,50,100,5.885581e+02
15,50,1,1.614937e+06
15,50,2,4.809099e+04
15,50,3,1.874027e+04
15,50,5,6.109916e+03
15,50,10,1.181712e+03
15,50,20,3.658662e+02
15,50,30,2.705746e+02
15,50,40,2.438256e+02
15,50,50,1.344395e+02
15,50,60,1.342651e+02
15,50,70,1.342476e+02
15,50,80,1.342351e+02
15,50,90,1.342211e+02
15,50,100,1.342097e+02
15,50,1,1.209420e+07
15,50,2,7.858092e+04
15,50,3,1.928867e+04
15,50,5,1.019499e+04
15,50,10,7.645974e+03
15,50,20,6.105939e+03
15,50,30,5.819065e+03
15,50,40,5.772843e+03
15,50,50,5.772289e+03
15,50,60,5.771868e+03
15,50,70,5.771445e+03
15,50,80,5.770791e+03
15,50,90,5.769805e+03
15,50,100,5.769233e+03
15,50,1,3.100060e+06
15,50,2,4.905569e+04
15,50,3,2.246456e+04
15,50,5,1.754977e+04
15,50,10,1.324005e+04
15,50,20,1.252400e+04
15,50,30,1.240370e+04
15,50,40,1.228307e+04
15,50,50,1.228112e+04
15,50,60,1.228092e+04
15,50,70,1.228071e+04
15,50,80,1.227907e+04
15,50,90,1.227736e+04
15,50,100,1.227661e+04
15,50,1,6.452708e+05
15,50,2,3.512126e+04
15,50,3,3.120252e+04
15,50,5,3.050919e+04
15,50,10,3.041192e+04
15,50,20,3.029483e+04
15,50,30,3.029123e+04
15,50,40,3.028778e+04
15,50,50,3.028427e+04
15,50,60,3.027939e+04
15,50,70,3.027716e+04
15,50,80,3.027444e+04
15,50,90,3.027015e+04
15,50,100,3.026618e+04
15,50,1,8.588204e+06
15,50,2,8.147306e+04
15,50,3,3.144822e+04
15,50,5,1.089235e+04
15,50,10,8.228693e+03
15,50,20,6.161061e+03
15,50,30,1.501317e+03
15,50,40,1.235695e+03
15,50,50,1.101424e+03
15,50,60,1.100469e+03
15,50,70,1.100196e+03
15,50,80,1.100105e+03
15,50,90,1.099965e+03
15,50,100,1.099771e+03
15,50,1,1.663345e+06
15,50,2,4.486934e+04
15,50,3,6.219672e+03
15,50,5,1.145043e+03
15,50,10,3.771843e+02
15,50,20,2.534937e+02
15,50,30,2.269035e+02
15,50,40,1.617963e+02
15,50,50,1.269906e+02
15,50,60,1.268139e+02
15,50,70,1.264616e+02
15,50,80,1.260589e+02
15,50,90,1.259960e+02
15,50,100,1.259663e+02
15,50,1,4.591483e+05
15,50,2,2.173521e+04
15,50,3,7.646481e+03
15,50,5,5.645506e+03
15,50,10,5.118168e+03
15,50,20,5.012567e+03
15,50,30,5.012071e+03
15,50,40,5.011534e+03
15,50,50,5.010998e+03
15,50,60,5.010203e+03
15,50,70,5.009673e+03
15,50,80,5.009052e+03
15,50,90,5.008453e+03
15,50,100,5.008080e+03
15,50,1,3.354750e+06
15,50,2,4.356141e+04
15,50,3,7.773627e+03
15,50,5,1.541534e+03
15,50,10,6.578799e+02
15,50,20,5.205253e+02
15,50,30,5.177191e+02
15,50,40,5.042114e+02
15,50,50,4.164873e+02
15,50,60,4.160026e+02
15,50,70,4.158984e+02
15,50,80,4.158845e+02
15,50,90,4.158637e+02
15,50,100,4.158110e+02
15,50,1,7.925140e+06
15,50,2,9.150153e+04
15,50,3,1.797970e+04
15,50,5,4.962890e+03
15,50,10,1.999162e+03
15,50,20,1.667118e+03
15,50,30,1.521173e+03
15,50,40,1.520864e+03
15,50,50,1.520737e+03
15,50,60,1.520503e+03
15,50,70,1.520341e+03
15,50,80,1.520216e+03
15,50,90,1.520105e+03
15,50,100,1.520005e+03
15,50,1,5.117950e+06
15,50,2,8.872834e+04
15,50,3,2.672821e+04
15,50,5,1.572346e+04
15,50,10,1.143385e+04
15,50,20,1.055719e+04
15,50,30,6.107223e+03
15,50,40,3.229195e+03
15,50,50,2.391610e+03
15,50,60,2.331173e+03
15,50,70,2.233122e+03
15,50,80,2.232414e+03
15,50,90,2.232150e+03
15,50,100,2.231871e+03
15,50,1,9.456742e+06
15,50,2,3.441571e+04
15,50,3,6.150644e+03
15,50,5,1.272707e+03
15,50,10,2.778240e+02
15,50,20,1.366051e+02
15,50,30,1.238224e+02
15,50,40,4.624950e+01
15,50,50,4.590953e+01
15,50,60,4.575803e+01
15,50,70,4.563918e+01
15,50,80,4.557482e+01
15,50,90,4.553799e+01
15,50,100,4.551260e+01
15,50,1,2.886034e+06
15,50,2,4.890808e+04
15,50,3,4.128640e+03
15,50,5,1.955684e+03
15,50,10,1.734217e+03
15,50,20,1.585407e+03
15,50,30,1.580415e+03
15,50,40,1.580208e+03
15,50,50,1.580113e+03
15,50,60,1.579965e+03
15,50,70,1.579843e+03
15,50,80,1.579656e+03
15,50,90,1.579491e+03
15,50,100,1.579348e+03
15,50,1,6.762828e+06
15,50,2,7.767835e+04
15,50,3,1.197969e+04
15,50,5,4.815363e+03
15,50,10,3.239002e+03
15,50,20,3.101123e+03
15,50,30,2.952937e+03
15,50,40,2.946613e+03
15,50,50,2.946379e+03
15,50,60,2.945992e+03
15,50,70,2.945563e+03
15,50,80,2.945313e+03
15,50,90,2.944880e+03
15,50,100,2.944687e+03
15,50,1,1.586122e+06
15,50,2,3.339514e+04
15,50,3,7.480651e+03
15,50,5,4.015040e+03
15,50,10,2.032452e+03
15,50,20,1.292250e+03
15,50,30,1.085509e+03
15,50,40,1.082872e+03
15,50,50,1.082635e+03
15,50,60,1.082335e+03
15,50,70,1.082027e+03
15,50,80,1.081852e+03
15,50,90,1.081778e+03
15,50,100,1.081621e+03
15,50,1,5.188522e+06
15,50,2,7.362445e+04
15,50,3,1.178994e+04
15,50,5,2.058859e+03
15,50,10,6.930725e+02
15,50,20,5.266037e+02
15,50,30,3.410041e+02
15,50,40,3.356069e+02
15,50,50,3.355281e+02
15,50,60,3.355044e+02
15,50,70,3.354768e+02
15,50,80,3.354397e+02
15,50,90,3.354041e+02
15,50,100,3.353894e+02
15,50,1,1.277487e+06
15,50,2,4.124642e+04
15,50,3,1.209682e+04
15,50,5,6.943530e+03
15,50,10,5.856227e+03
15,50,20,4.734697e+03
15,50,30,3.852637e+03
15,50,40,3.292968e+03
15,50,50,3.088424e+03
15,50,60,2.291539e+03
15,50,70,2.187273e+03
15,50,80,2.186854e+03
15,50,90,2.186777e+03
15,50,100,2.186466e+03
15,50,1,2.102846e+06
15,50,2,2.759777e+04
15,50,3,9.461405e+03
15,50,5,6.422497e+03
15,50,10,4.910801e+03
15,50,20,4.533487e+03
15,50,30,4.348958e+03
15,50,40,4.348593e+03
15,50,50,4.348305e+03
15,50,60,4.347993e+03
15,50,70,4.347553e+03
15,50,80,4.346448e+03
15,50,90,4.345765e+03
15,50,100,4.345206e+03
15,50,1,2.915117e+06
15,50,2,2.042301e+05
15,50,3,1.902898e+04
15,50,5,2.544946e+03
15,50,10,9.331341e+02
15,50,20,8.667716e+02
15,50,30,8.542308e+02
15,50,40,7.443956e+02
15,50,50,7.438183e+02
15,50,60,7.435501e+02
15,50,70,7.430653e+02
15,50,80,7.426213e+02
15,50,90,7.422586e+02
15,50,100,7.418897e+02
15,50,1,2.770874e+06
15,50,2,5.680217e+04
15,50,3,1.100750e+04
15,50,5,3.610595e+03
15,50,10,1.500109e+03
15,50,20,1.363355e+03
15,50,30,1.344647e+03
15,50,40,1.269626e+03
15,50,50,1.262786e+03
15,50,60,1.262736e+03
15,50,70,1.262705e+03
15,50,80,1.262668e+03
15,50,90,1.262602e+03
15,50,100,1.262427e+03
15,50,1,3.893032e+06
15,50,2,5.144624e+04
15,50,3,9.000914e+03
15,50,5,5.370870e+03
15,50,10,2.151852e+03
15,50,20,9.741435e+02
15,50,30,4.991213e+02
15,50,40,4.319554e+02
15,50,50,4.296047e+02
15,50,60,3.969288e+02
15,50,70,3.614675e+02
15,50,80,2.901560e+02
15,50,90,2.895651e+02
15,50,100,2.895339e+02
15,50,1,2.201087e+06
15,50,2,2.765926e+04
15,50,3,5.277123e+03
15,50,5,1.618996e+03
15,50,10,2.650234e+02
15,50,20,2.264897e+02
15,50,30,1.988433e+02
15,50,40,1.781997e+02
15,50,50,4.263888e+01
15,50,60,4.245703e+01
15,50,70,4.230131e+01
15,50,80,4.224701e+01
15,50,90,4.220867e+01
15,50,100,4.219738e+01
15,50,1,2.990936e+06
15,50,2,8.598562e+04
15,50,3,2.894200e+04
15,50,5,2.213700e+04
15,50,10,1.933793e+04
15,50,20,1.711173e+04
15,50,30,1.703950e+04
15,50,40,1.695722e+04
15,50,50,1.695536e+04
15,50,60,1.695247e+04
15,50,70,1.695039e+04
15,50,80,1.694904e+04
15,50,90,1.694669e+04
15,50,100,1.694464e+04
15,50,1,3.641928e+05
15,50,2,2.973318e+04
15,50,3,2.466737e+04
15,50,5,2.234782e+04
15,50,10,2.067756e+04
15,50,20,1.676707e+04
15,50,30,1.551688e+04
15,50,40,1.550105e+04
15,50,50,1.549924e+04
15,50,60,1.549729e+04
15,50,70,1.549594e+04
15,50,80,1.549405e+04
15,50,90,1.549184e+04
15,50,100,1.548947e+04
