funcid,dim,milestone,error
8,10,1,5.069401e+01
8,10,2,5.069401e+01
8,10,3,4.793607e+01
8,10,5,4.703858e+01
8,10,10,3.925904e+01
8,10,20,3.369304e+01
8,10,30,3.369304e+01
8,10,40,2.958047e+01
8,10,50,2.958047e+01
8,10,60,2.958047e+01
8,10,70,2.816718e+01
8,10,80,1.056031e+01
8,10,90,7.711195e+00
8,10,100,7.711195e+00
8,10,1,8.254918e+01
8,10,2,6.192800e+01
8,10,3,4.678164e+01
8,10,5,3.880515e+01
8,10,10,3.880515e+01
8,10,20,3.128232e+01
8,10,30,3.126136e+01
8,10,40,2.699345e+01
8,10,50,2.148745e+01
8,10,60,2.028058e+01
8,10,70,1.715871e+01
8,10,80,1.477132e+01
8,10,90,1.477132e+01
8,10,100,1.477132e+01
8,10,1,6.357079e+01
8,10,2,5.539288e+01
8,10,3,5.539288e+01
8,10,5,4.820135e+01
8,10,10,4.081372e+01
8,10,20,3.209677e+01
8,10,30,3.209677e+01
8,10,40,2.761938e+01
8,10,50,2.301662e+01
8,10,60,1.380907e+01
8,10,70,7.959667e+00
8,10,80,7.959667e+00
8,10,90,7.959667e+00
8,10,100,7.959667e+00
8,10,1,6.457978e+01
8,10,2,5.003866e+01
8,10,3,5.003866e+01
8,10,5,5.003866e+01
8,10,10,4.192637e+01
8,10,20,3.492827e+01
8,10,30,3.492827e+01
8,10,40,3.073256e+01
8,10,50,2.765090e+01
8,10,60,2.765090e+01
8,10,70,2.765090e+01
8,10,80,2.765090e+01
8,10,90,2.245060e+01
8,10,100,2.245060e+01
8,10,1,7.027651e+01
8,10,2,5.710497e+01
8,10,3,5.710497e+01
8,10,5,4.686701e+01
8,10,10,4.573869e+01
8,10,20,3.492875e+01
8,10,30,3.492875e+01
8,10,40,2.188782e+01
8,10,50,2.188782e+01
8,10,60,2.091268e+01
8,10,70,1.870179e+01
8,10,80,1.286315e+01
8,10,90,7.959667e+00
8,10,100,7.959667e+00
8,10,1,6.344488e+01
8,10,2,6.344488e+01
8,10,3,4.774869e+01
8,10,5,4.774869e+01
8,10,10,3.660677e+01
8,10,20,2.773928e+01
8,10,30,2.773928e+01
8,10,40,2.773928e+01
8,10,50,6.334435e+00
8,10,60,6.320060e+00
8,10,70,6.320060e+00
8,10,80,6.320060e+00
8,10,90,6.320060e+00
8,10,100,6.320060e+00
8,10,1,5.979821e+01
8,10,2,5.979821e+01
8,10,3,5.979821e+01
8,10,5,3.587845e+01
8,10,10,3.587845e+01
8,10,20,3.587845e+01
8,10,30,3.274173e+01
8,10,40,2.757642e+01
8,10,50,2.757642e+01
8,10,60,8.294489e+00
8,10,70,8.294445e+00
8,10,80,8.294445e+00
8,10,90,8.294445e+00
8,10,100,8.294445e+00
8,10,1,6.688441e+01
8,10,2,6.404250e+01
8,10,3,6.023067e+01
8,10,5,4.808264e+01
8,10,10,3.490051e+01
8,10,20,2.673583e+01
8,10,30,2.452161e+01
8,10,40,1.631448e-05
8,10,50,0.000000e+00
8,10,60,0.000000e+00
8,10,70,0.000000e+00
8,10,80,0.000000e+00
8,10,90,0.000000e+00
8,10,100,0.000000e+00
8,10,1,9.453237e+01
8,10,2,5.514288e+01
8,10,3,5.514288e+01
8,10,5,4.331250e+01
8,10,10,4.331250e+01
8,10,20,3.922102e+01
8,10,30,3.477445e+01
8,10,40,3.375065e+01
8,10,50,2.345597e+01
8,10,60,2.345597e+01
8,10,70,2.345597e+01
8,10,80,1.823222e+01
8,10,90,1.989966e+00
8,10,100,1.989918e+00
8,10,1,6.700143e+01
8,10,2,6.144381e+01
8,10,3,5.898020e+01
8,10,5,4.662067e+01
8,10,10,3.173156e+01
8,10,20,3.173156e+01
8,10,30,3.173156e+01
8,10,40,2.178735e+01
8,10,50,5.991786e+00
8,10,60,5.969754e+00
8,10,70,5.969754e+00
8,10,80,5.969754e+00
8,10,90,5.969754e+00
8,10,100,5.969754e+00
8,10,1,5.050931e+01
8,10,2,5.050931e+01
8,10,3,5.050931e+01
8,10,5,4.626707e+01
8,10,10,2.793529e+01
8,10,20,2.723449e+01
8,10,30,2.716579e+01
8,10,40,1.693993e+01
8,10,50,7.959667e+00
8,10,60,7.959667e+00
8,10,70,7.959667e+00
8,10,80,7.959667e+00
8,10,90,7.959667e+00
8,10,100,7.959667e+00
8,10,1,7.583625e+01
8,10,2,4.794666e+01
8,10,3,4.794666e+01
8,10,5,4.077978e+01
8,10,10,4.077978e+01
8,10,20,2.541511e+01
8,10,30,2.541511e+01
8,10,40,2.471649e+01
8,10,50,1.906597e+01
8,10,60,4.975079e+00
8,10,70,4.974795e+00
8,10,80,4.974795e+00
8,10,90,4.974795e+00
8,10,100,4.974795e+00
8,10,1,5.983961e+01
8,10,2,5.983961e+01
8,10,3,5.000146e+01
8,10,5,3.695906e+01
8,10,10,3.695906e+01
8,10,20,3.381584e+01
8,10,30,3.122592e+01
8,10,40,2.568138e+01
8,10,50,1.901754e+01
8,10,60,2.984878e+00
8,10,70,2.984877e+00
8,10,80,2.984877e+00
8,10,90,2.984877e+00
8,10,100,2.984877e+00
8,10,1,4.736448e+01
8,10,2,4.736448e+01
8,10,3,4.736448e+01
8,10,5,3.740454e+01
8,10,10,2.900259e+01
8,10,20,2.704642e+01
8,10,30,2.124735e+01
8,10,40,3.982898e+00
8,10,50,3.979836e+00
8,10,60,3.979836e+00
8,10,70,3.979836e+00
8,10,80,3.979836e+00
8,10,90,3.979836e+00
8,10,100,3.979836e+00
8,10,1,8.241061e+01
8,10,2,4.446699e+01
8,10,3,4.446699e+01
8,10,5,4.446699e+01
8,10,10,3.899870e+01
8,10,20,2.895065e+01
8,10,30,2.803177e+01
8,10,40,2.165246e+01
8,10,50,9.939441e+00
8,10,60,5.969754e+00
8,10,70,5.969754e+00
8,10,80,5.969754e+00
8,10,90,5.969754e+00
8,10,100,5.969754e+00
8,10,1,7.211271e+01
8,10,2,5.389889e+01
8,10,3,5.049500e+01
8,10,5,3.482433e+01
8,10,10,3.482433e+01
8,10,20,2.585130e+01
8,10,30,2.585130e+01
8,10,40,1.911503e+01
8,10,50,1.567181e+01
8,10,60,1.564571e+01
8,10,70,5.969755e+00
8,10,80,5.969754e+00
8,10,90,5.969754e+00
8,10,100,5.969754e+00
8,10,1,8.345313e+01
8,10,2,4.934355e+01
8,10,3,4.934355e+01
8,10,5,4.176187e+01
8,10,10,3.388102e+01
8,10,20,3.388102e+01
8,10,30,3.143723e+01
8,10,40,2.536614e+01
8,10,50,1.411896e+01
8,10,60,4.974872e+00
8,10,70,4.974795e+00
8,10,80,4.974795e+00
8,10,90,4.974795e+00
8,10,100,4.974795e+00
8,10,1,6.590453e+01
8,10,2,4.673925e+01
8,10,3,4.417603e+01
8,10,5,2.946318e+01
8,10,10,2.796189e+01
8,10,20,2.145462e+01
8,10,30,2.145462e+01
8,10,40,1.247103e+01
8,10,50,1.230212e+01
8,10,60,1.230212e+01
8,10,70,1.230212e+01
8,10,80,1.230212e+01
8,10,90,1.230212e+01
8,10,100,1.230212e+01
8,10,1,6.796076e+01
8,10,2,5.940254e+01
8,10,3,5.824720e+01
8,10,5,3.174257e+01
8,10,10,3.174257e+01
8,10,20,3.174257e+01
8,10,30,3.002035e+01
8,10,40,1.803993e+01
8,10,50,3.979836e+00
8,10,60,3.979836e+00
8,10,70,3.979836e+00
8,10,80,3.979836e+00
8,10,90,3.979836e+00
8,10,100,3.979836e+00
8,10,1,6.615859e+01
8,10,2,5.567870e+01
8,10,3,4.519668e+01
8,10,5,4.519668e+01
8,10,10,2.721349e+01
8,10,20,2.721349e+01
8,10,30,2.721349e+01
8,10,40,2.721349e+01
8,10,50,2.721349e+01
8,10,60,2.613244e+01
8,10,70,1.438685e+01
8,10,80,7.959667e+00
8,10,90,7.959667e+00
8,10,100,7.959667e+00
8,10,1,5.462810e+01
8,10,2,5.462810e+01
8,10,3,5.462810e+01
8,10,5,4.331319e+01
8,10,10,3.949702e+01
8,10,20,3.549390e+01
8,10,30,2.990514e+01
8,10,40,2.990514e+01
8,10,50,2.990514e+01
8,10,60,2.952811e+01
8,10,70,1.520939e+01
8,10,80,3.025987e+00
8,10,90,3.025987e+00
8,10,100,3.025987e+00
8,10,1,3.677494e+01
8,10,2,3.677494e+01
8,10,3,3.677494e+01
8,10,5,3.566006e+01
8,10,10,3.566006e+01
8,10,20,3.566006e+01
8,10,30,3.180703e+01
8,10,40,3.180703e+01
8,10,50,3.180703e+01
8,10,60,3.110927e+01
8,10,70,3.110927e+01
8,10,80,4.240880e+00
8,10,90,3.979836e+00
8,10,100,3.979836e+00
8,10,1,7.711127e+01
8,10,2,5.337431e+01
8,10,3,4.984008e+01
8,10,5,3.878808e+01
8,10,10,3.878808e+01
8,10,20,3.112167e+01
8,10,30,2.005563e+01
8,10,40,6.206709e+00
8,10,50,5.969754e+00
8,10,60,5.969754e+00
8,10,70,5.969754e+00
8,10,80,5.969754e+00
8,10,90,5.969754e+00
8,10,100,5.969754e+00
8,10,1,5.435509e+01
8,10,2,5.435509e+01
8,10,3,5.386698e+01
8,10,5,2.581295e+01
8,10,10,2.581295e+01
8,10,20,2.325291e+01
8,10,30,2.325291e+01
8,10,40,2.325291e+01
8,10,50,2.325291e+01
8,10,60,2.325291e+01
8,10,70,2.325291e+01
8,10,80,9.586636e+00
8,10,90,9.586598e+00
8,10,100,9.586598e+00
8,10,1,6.484483e+01
8,10,2,5.151111e+01
8,10,3,5.151111e+01
8,10,5,4.871451e+01
8,10,10,4.001922e+01
8,10,20,2.987199e+01
8,10,30,2.987199e+01
8,10,40,1.521179e+01
8,10,50,6.964713e+00
8,10,60,6.964713e+00
8,10,70,6.964713e+00
8,10,80,6.964713e+00
8,10,90,6.964713e+00
8,10,100,6.964713e+00
8,10,1,7.267555e+01
8,10,2,2.926440e+01
8,10,3,2.926440e+01
8,10,5,2.926440e+01
8,10,10,2.784399e+01
8,10,20,2.784399e+01
8,10,30,1.986467e+01
8,10,40,5.750370e+00
8,10,50,9.949591e-01
8,10,60,9.949591e-01
8,10,70,9.949591e-01
8,10,80,9.949591e-01
8,10,90,9.949591e-01
8,10,100,9.949591e-01
8,10,1,8.911519e+01
8,10,2,7.328399e+01
8,10,3,6.240400e+01
8,10,5,5.507763e+01
8,10,10,4.358710e+01
8,10,20,3.198257e+01
8,10,30,2.959138e+01
8,10,40,2.959138e+01
8,10,50,2.275190e+01
8,10,60,1.473709e+01
8,10,70,9.949586e+00
8,10,80,9.949586e+00
8,10,90,9.949586e+00
8,10,100,9.949586e+00
8,10,1,7.906245e+01
8,10,2,5.573350e+01
8,10,3,4.460684e+01
8,10,5,3.255189e+01
8,10,10,3.255189e+01
8,10,20,3.255189e+01
8,10,30,3.202491e+01
8,10,40,3.119094e+01
8,10,50,3.119094e+01
8,10,60,3.119094e+01
8,10,70,2.597964e+01
8,10,80,1.108617e+01
8,10,90,1.108617e+01
8,10,100,1.108617e+01
8,10,1,7.543746e+01
8,10,2,5.287862e+01
8,10,3,5.287862e+01
8,10,5,5.287862e+01
8,10,10,3.051651e+01
8,10,20,3.051651e+01
8,10,30,3.051651e+01
8,10,40,2.977099e+01
8,10,50,9.466686e+00
8,10,60,6.110174e+00
8,10,70,6.086931e+00
8,10,80,6.086931e+00
8,10,90,6.086931e+00
8,10,100,6.086931e+00
8,10,1,8.131280e+01
8,10,2,5.446251e+01
8,10,3,4.838914e+01
8,10,5,4.814053e+01
8,10,10,3.639243e+01
8,10,20,3.369962e+01
8,10,30,2.687501e+01
8,10,40,2.476651e+01
8,10,50,1.326906e+01
8,10,60,1.989919e+00
8,10,70,1.989918e+00
8,10,80,1.989918e+00
8,10,90,1.989918e+00
8,10,100,1.989918e+00
8,10,1,6.384109e+01
8,10,2,5.571196e+01
8,10,3,5.571196e+01
8,10,5,4.785112e+01
8,10,10,4.534428e+01
8,10,20,3.876615e+01
8,10,30,3.538492e+01
8,10,40,3.280001e+01
8,10,50,2.875089e+01
8,10,60,2.830997e+01
8,10,70,8.010984e+00
8,10,80,6.964713e+00
8,10,90,6.964713e+00
8,10,100,6.964713e+00
