funcid,dim,milestone,error
5,50,1,4.578891e+02
5,50,2,4.578891e+02
5,50,3,4.288775e+02
5,50,5,4.034680e+02
5,50,10,3.984022e+02
5,50,20,3.836731e+02
5,50,30,3.836731e+02
5,50,40,3.823986e+02
5,50,50,3.755047e+02
5,50,60,3.609613e+02
5,50,70,3.264268e+02
5,50,80,2.916641e+02
5,50,90,6.467697e+01
5,50,100,6.467225e+01
5,50,1,5.522260e+02
5,50,2,4.786959e+02
5,50,3,4.400317e+02
5,50,5,4.020873e+02
5,50,10,4.020873e+02
5,50,20,3.756544e+02
5,50,30,3.425360e+02
5,50,40,3.149335e+02
5,50,50,3.149335e+02
5,50,60,5.924822e+01
5,50,70,3.853724e+01
5,50,80,3.853724e+01
5,50,90,3.853724e+01
5,50,100,3.853724e+01
5,50,1,5.113460e+02
5,50,2,4.823997e+02
5,50,3,4.697288e+02
5,50,5,4.515761e+02
5,50,10,4.067167e+02
5,50,20,3.958415e+02
5,50,30,3.880637e+02
5,50,40,3.569285e+02
5,50,50,3.496021e+02
5,50,60,1.791348e+02
5,50,70,5.969748e+01
5,50,80,5.969748e+01
5,50,90,5.969748e+01
5,50,100,5.969748e+01
5,50,1,5.029090e+02
5,50,2,4.739436e+02
5,50,3,4.477718e+02
5,50,5,4.350880e+02
5,50,10,3.854202e+02
5,50,20,3.558676e+02
5,50,30,3.512375e+02
5,50,40,3.446568e+02
5,50,50,3.251549e+02
5,50,60,9.448176e+01
5,50,70,5.074286e+01
5,50,80,5.074286e+01
5,50,90,5.074286e+01
5,50,100,5.074286e+01
5,50,1,4.990915e+02
5,50,2,4.503356e+02
5,50,3,4.314932e+02
5,50,5,3.914727e+02
5,50,10,3.407313e+02
5,50,20,3.407313e+02
5,50,30,3.291388e+02
5,50,40,3.291388e+02
5,50,50,4.775860e+01
5,50,60,4.775800e+01
5,50,70,4.775800e+01
5,50,80,4.775800e+01
5,50,90,4.775800e+01
5,50,100,4.775800e+01
5,50,1,4.610732e+02
5,50,2,4.360539e+02
5,50,3,4.237384e+02
5,50,5,4.237384e+02
5,50,10,3.896559e+02
5,50,20,3.520142e+02
5,50,30,3.391012e+02
5,50,40,5.391448e+01
5,50,50,5.273280e+01
5,50,60,5.273280e+01
5,50,70,5.273280e+01
5,50,80,5.273280e+01
5,50,90,5.273280e+01
5,50,100,5.273280e+01
5,50,1,5.362003e+02
5,50,2,4.485457e+02
5,50,3,4.439846e+02
5,50,5,3.576098e+02
5,50,10,3.576098e+02
5,50,20,3.576098e+02
5,50,30,3.576098e+02
5,50,40,3.576098e+02
5,50,50,3.493535e+02
5,50,60,1.845716e+02
5,50,70,3.780843e+01
5,50,80,3.780842e+01
5,50,90,3.780842e+01
5,50,100,3.780842e+01
5,50,1,5.048713e+02
5,50,2,4.085151e+02
5,50,3,4.085151e+02
5,50,5,4.068548e+02
5,50,10,3.780326e+02
5,50,20,3.622659e+02
5,50,30,3.622659e+02
5,50,40,3.458871e+02
5,50,50,3.078052e+02
5,50,60,5.679707e+01
5,50,70,5.678466e+01
5,50,80,5.678466e+01
5,50,90,5.678466e+01
5,50,100,5.678466e+01
5,50,1,5.192399e+02
5,50,2,4.352856e+02
5,50,3,4.352856e+02
5,50,5,3.813807e+02
5,50,10,3.661106e+02
5,50,20,3.661106e+02
5,50,30,3.607160e+02
5,50,40,3.607160e+02
5,50,50,3.607160e+02
5,50,60,3.607160e+02
5,50,70,3.607160e+02
5,50,80,3.428972e+02
5,50,90,3.428972e+02
5,50,100,3.428972e+02
5,50,1,4.930606e+02
5,50,2,4.362422e+02
5,50,3,4.216827e+02
5,50,5,4.216827e+02
5,50,10,3.865917e+02
5,50,20,3.757076e+02
5,50,30,3.597162e+02
5,50,40,3.153469e+02
5,50,50,5.472328e+01
5,50,60,5.472269e+01
5,50,70,5.472269e+01
5,50,80,5.472269e+01
5,50,90,5.472269e+01
5,50,100,5.472269e+01
5,50,1,5.059897e+02
5,50,2,4.328528e+02
5,50,3,4.328528e+02
5,50,5,3.486906e+02
5,50,10,3.486906e+02
5,50,20,3.441324e+02
5,50,30,3.441324e+02
5,50,40,3.441324e+02
5,50,50,5.201579e+01
5,50,60,5.173784e+01
5,50,70,5.173784e+01
5,50,80,5.173784e+01
5,50,90,5.173784e+01
5,50,100,5.173784e+01
5,50,1,5.119543e+02
5,50,2,4.610918e+02
5,50,3,4.562662e+02
5,50,5,4.224483e+02
5,50,10,4.010861e+02
5,50,20,3.716592e+02
5,50,30,3.716592e+02
5,50,40,3.554729e+02
5,50,50,3.294611e+02
5,50,60,8.649935e+01
5,50,70,8.649802e+01
5,50,80,8.649802e+01
5,50,90,8.649802e+01
5,50,100,8.649802e+01
5,50,1,4.830933e+02
5,50,2,4.408297e+02
5,50,3,4.266504e+02
5,50,5,3.864286e+02
5,50,10,3.854421e+02
5,50,20,3.625584e+02
5,50,30,3.625584e+02
5,50,40,3.430241e+02
5,50,50,3.295830e+02
5,50,60,2.092230e+02
5,50,70,2.984878e+01
5,50,80,2.984877e+01
5,50,90,2.984877e+01
5,50,100,2.984877e+01
5,50,1,4.861994e+02
5,50,2,4.256488e+02
5,50,3,4.036681e+02
5,50,5,4.036681e+02
5,50,10,3.827568e+02
5,50,20,3.733895e+02
5,50,30,3.456844e+02
5,50,40,3.456844e+02
5,50,50,3.435552e+02
5,50,60,4.332920e+01
5,50,70,4.278320e+01
5,50,80,4.278320e+01
5,50,90,4.278320e+01
5,50,100,4.278320e+01
5,50,1,5.290003e+02
5,50,2,4.337354e+02
5,50,3,3.866745e+02
5,50,5,3.633454e+02
5,50,10,3.633454e+02
5,50,20,3.575909e+02
5,50,30,3.575909e+02
5,50,40,3.432198e+02
5,50,50,2.106819e+02
5,50,60,2.984876e+01
5,50,70,2.984876e+01
5,50,80,2.984876e+01
5,50,90,2.984876e+01
5,50,100,2.984876e+01
5,50,1,5.228970e+02
5,50,2,4.532792e+02
5,50,3,4.276327e+02
5,50,5,3.902658e+02
5,50,10,3.902658e+02
5,50,20,3.712470e+02
5,50,30,3.689767e+02
5,50,40,3.257524e+02
5,50,50,5.477733e+01
5,50,60,5.475516e+01
5,50,70,5.475516e+01
5,50,80,5.475516e+01
5,50,90,5.475516e+01
5,50,100,5.475516e+01
5,50,1,5.367494e+02
5,50,2,4.795315e+02
5,50,3,4.292340e+02
5,50,5,4.158711e+02
5,50,10,4.130516e+02
5,50,20,3.721477e+02
5,50,30,3.467569e+02
5,50,40,3.467569e+02
5,50,50,3.467569e+02
5,50,60,3.435726e+02
5,50,70,2.325688e+02
5,50,80,5.103503e+01
5,50,90,5.103499e+01
5,50,100,5.103499e+01
5,50,1,5.227555e+02
5,50,2,4.558763e+02
5,50,3,4.104987e+02
5,50,5,4.104987e+02
5,50,10,4.037212e+02
5,50,20,3.396513e+02
5,50,30,3.396513e+02
5,50,40,3.367280e+02
5,50,50,2.711912e+02
5,50,60,6.964707e+01
5,50,70,6.964704e+01
5,50,80,6.964704e+01
5,50,90,6.964704e+01
5,50,100,6.964704e+01
5,50,1,4.932456e+02
5,50,2,4.064295e+02
5,50,3,4.064295e+02
5,50,5,4.020061e+02
5,50,10,3.704566e+02
5,50,20,3.422189e+02
5,50,30,3.422189e+02
5,50,40,2.905697e+02
5,50,50,6.468023e+01
5,50,60,6.467225e+01
5,50,70,6.467225e+01
5,50,80,6.467225e+01
5,50,90,6.467225e+01
5,50,100,6.467225e+01
5,50,1,4.750783e+02
5,50,2,4.610473e+02
5,50,3,4.172001e+02
5,50,5,4.048068e+02
5,50,10,3.738426e+02
5,50,20,3.528801e+02
5,50,30,5.584938e+01
5,50,40,3.979834e+01
5,50,50,3.979834e+01
5,50,60,3.979834e+01
5,50,70,3.979834e+01
5,50,80,3.979834e+01
5,50,90,3.979834e+01
5,50,100,3.979834e+01
5,50,1,5.420299e+02
5,50,2,4.894512e+02
5,50,3,4.834119e+02
5,50,5,4.252673e+02
5,50,10,3.967005e+02
5,50,20,3.758952e+02
5,50,30,3.109588e+02
5,50,40,3.891914e+01
5,50,50,3.681346e+01
5,50,60,3.681346e+01
5,50,70,3.681346e+01
5,50,80,3.681346e+01
5,50,90,3.681346e+01
5,50,100,3.681346e+01
5,50,1,5.010806e+02
5,50,2,4.514458e+02
5,50,3,4.514458e+02
5,50,5,4.437569e+02
5,50,10,4.211411e+02
5,50,20,3.691764e+02
5,50,30,3.609557e+02
5,50,40,3.570906e+02
5,50,50,3.425976e+02
5,50,60,3.363894e+02
5,50,70,6.965014e+01
5,50,80,6.964701e+01
5,50,90,6.964701e+01
5,50,100,6.964701e+01
5,50,1,5.227721e+02
5,50,2,4.681744e+02
5,50,3,4.681744e+02
5,50,5,4.410970e+02
5,50,10,3.911071e+02
5,50,20,3.599924e+02
5,50,30,3.599924e+02
5,50,40,3.432703e+02
5,50,50,2.057227e+02
5,50,60,4.186748e+01
5,50,70,4.186746e+01
5,50,80,4.186746e+01
5,50,90,4.186746e+01
5,50,100,4.186746e+01
5,50,1,5.140014e+02
5,50,2,4.651694e+02
5,50,3,4.171615e+02
5,50,5,4.102880e+02
5,50,10,3.826523e+02
5,50,20,3.228551e+02
5,50,30,3.228551e+02
5,50,40,2.340672e+02
5,50,50,2.984877e+01
5,50,60,2.984877e+01
5,50,70,2.984877e+01
5,50,80,2.984877e+01
5,50,90,2.984877e+01
5,50,100,2.984877e+01
5,50,1,4.827317e+02
5,50,2,4.547981e+02
5,50,3,4.132466e+02
5,50,5,4.132466e+02
5,50,10,3.987838e+02
5,50,20,3.718260e+02
5,50,30,3.353980e+02
5,50,40,3.353980e+02
5,50,50,3.116817e+02
5,50,60,8.391658e+01
5,50,70,4.377817e+01
5,50,80,4.377817e+01
5,50,90,4.377817e+01
5,50,100,4.377817e+01
5,50,1,4.947449e+02
5,50,2,4.586816e+02
5,50,3,4.309356e+02
5,50,5,4.192558e+02
5,50,10,4.005085e+02
5,50,20,3.565836e+02
5,50,30,3.565836e+02
5,50,40,3.483175e+02
5,50,50,1.965139e+02
5,50,60,4.079330e+01
5,50,70,4.079330e+01
5,50,80,4.079330e+01
5,50,90,4.079330e+01
5,50,100,4.079330e+01
5,50,1,4.373239e+02
5,50,2,4.373239e+02
5,50,3,4.367439e+02
5,50,5,4.145979e+02
5,50,10,3.894206e+02
5,50,20,3.796152e+02
5,50,30,3.280647e+02
5,50,40,2.704237e+02
5,50,50,5.515265e+01
5,50,60,5.515265e+01
5,50,70,5.515265e+01
5,50,80,5.515265e+01
5,50,90,5.515265e+01
5,50,100,5.515265e+01
5,50,1,5.099417e+02
5,50,2,4.769720e+02
5,50,3,4.291018e+02
5,50,5,4.125188e+02
5,50,10,3.983695e+02
5,50,20,3.631629e+02
5,50,30,3.631629e+02
5,50,40,3.371542e+02
5,50,50,3.371542e+02
5,50,60,3.299802e+01
5,50,70,2.387901e+01
5,50,80,2.387901e+01
5,50,90,2.387901e+01
5,50,100,2.387901e+01
5,50,1,4.889717e+02
5,50,2,4.745277e+02
5,50,3,4.599391e+02
5,50,5,4.175841e+02
5,50,10,4.155879e+02
5,50,20,3.815734e+02
5,50,30,3.752968e+02
5,50,40,3.752968e+02
5,50,50,3.752968e+02
5,50,60,3.752968e+02
5,50,70,3.752968e+02
5,50,80,3.594677e+02
5,50,90,3.594677e+02
5,50,100,2.925987e+02
5,50,1,5.104904e+02
5,50,2,4.517637e+02
5,50,3,3.977693e+02
5,50,5,3.977693e+02
5,50,10,3.541902e+02
5,50,20,3.541902e+02
5,50,30,3.022248e+02
5,50,40,5.770801e+01
5,50,50,5.770749e+01
5,50,60,5.770749e+01
5,50,70,5.770749e+01
5,50,80,5.770749e+01
5,50,90,5.770749e+01
5,50,100,5.770749e+01
5,50,1,4.616010e+02
5,50,2,4.326491e+02
5,50,3,4.067475e+02
5,50,5,3.813075e+02
5,50,10,3.813075e+02
5,50,20,3.761899e+02
5,50,30,3.761899e+02
5,50,40,3.524769e+02
5,50,50,3.117310e+02
5,50,60,2.175955e+02
5,50,70,3.183965e+01
5,50,80,3.183867e+01
5,50,90,3.183867e+01
5,50,100,3.183867e+01
