funcid,dim,milestone,error
3,10,1,1.954288e+04
3,10,2,7.387027e+03
3,10,3,4.408708e+03
3,10,5,1.157332e+03
3,10,10,2.887175e+00
3,10,20,1.304508e-07
3,10,30,0.000000e+00
3,10,40,0.000000e+00
3,10,50,0.000000e+00
3,10,60,0.000000e+00
3,10,70,0.000000e+00
3,10,80,0.000000e+00
3,10,90,0.000000e+00
3,10,100,0.000000e+00
3,10,1,3.067653e+04
3,10,2,1.673617e+04
3,10,3,4.724445e+03
3,10,5,2.669587e+02
3,10,10,1.685147e-01
3,10,20,3.368314e-09
3,10,30,0.000000e+00
3,10,40,0.000000e+00
3,10,50,0.000000e+00
3,10,60,0.000000e+00
3,10,70,0.000000e+00
3,10,80,0.000000e+00
3,10,90,0.000000e+00
3,10,100,0.000000e+00
3,10,1,1.848664e+04
3,10,2,7.887840e+03
3,10,3,2.727829e+03
3,10,5,3.595503e+02
3,10,10,4.625410e-01
3,10,20,5.129380e-09
3,10,30,0.000000e+00
3,10,40,0.000000e+00
3,10,50,0.000000e+00
3,10,60,0.000000e+00
3,10,70,0.000000e+00
3,10,80,0.000000e+00
3,10,90,0.000000e+00
3,10,100,0.000000e+00
3,10,1,2.950280e+04
3,10,2,9.456829e+03
3,10,3,2.209659e+03
3,10,5,9.959249e+01
3,10,10,1.361558e-01
3,10,20,3.995353e-09
3,10,30,0.000000e+00
3,10,40,0.000000e+00
3,10,50,0.000000e+00
3,10,60,0.000000e+00
3,10,70,0.000000e+00
3,10,80,0.000000e+00
3,10,90,0.000000e+00
3,10,100,0.000000e+00
3,10,1,1.330122e+04
3,10,2,7.494835e+03
3,10,3,2.036633e+03
3,10,5,9.364956e+01
3,10,10,1.617582e-01
3,10,20,2.600530e-09
3,10,30,0.000000e+00
3,10,40,0.000000e+00
3,10,50,0.000000e+00
3,10,60,0.000000e+00
3,10,70,0.000000e+00
3,10,80,0.000000e+00
3,10,90,0.000000e+00
3,10,100,0.000000e+00
3,10,1,1.221243e+04
3,10,2,6.645040e+03
3,10,3,3.744051e+03
3,10,5,2.303299e+02
3,10,10,1.240808e-01
3,10,20,1.863100e-09
3,10,30,0.000000e+00
3,10,40,0.000000e+00
3,10,50,0.000000e+00
3,10,60,0.000000e+00
3,10,70,0.000000e+00
3,10,80,0.000000e+00
3,10,90,0.000000e+00
3,10,100,0.000000e+00
3,10,1,2.810465e+04
3,10,2,5.354423e+03
3,10,3,2.265407e+03
3,10,5,3.719025e+02
3,10,10,5.758955e-01
3,10,20,1.144002e-08
3,10,30,0.000000e+00
3,10,40,0.000000e+00
3,10,50,0.000000e+00
3,10,60,0.000000e+00
3,10,70,0.000000e+00
3,10,80,0.000000e+00
3,10,90,0.000000e+00
3,10,100,0.000000e+00
3,10,1,1.455767e+04
3,10,2,8.774910e+03
3,10,3,1.133731e+03
3,10,5,1.403007e+02
3,10,10,1.712549e-02
3,10,20,1.715534e-10
3,10,30,0.000000e+00
3,10,40,0.000000e+00
3,10,50,0.000000e+00
3,10,60,0.000000e+00
3,10,70,0.000000e+00
3,10,80,0.000000e+00
3,10,90,0.000000e+00
3,10,100,0.000000e+00
3,10,1,1.387177e+04
3,10,2,6.889076e+03
3,10,3,2.056294e+03
3,10,5,1.425188e+02
3,10,10,4.448196e-02
3,10,20,3.080686e-09
3,10,30,0.000000e+00
3,10,40,0.000000e+00
3,10,50,0.000000e+00
3,10,60,0.000000e+00
3,10,70,0.000000e+00
3,10,80,0.000000e+00
3,10,90,0.000000e+00
3,10,100,0.000000e+00
3,10,1,1.539593e+04
3,10,2,6.453260e+03
3,10,3,2.250107e+03
3,10,5,2.920969e+02
3,10,10,2.885022e-01
3,10,20,2.314664e-09
3,10,30,0.000000e+00
3,10,40,0.000000e+00
3,10,50,0.000000e+00
3,10,60,0.000000e+00
3,10,70,0.000000e+00
3,10,80,0.000000e+00
3,10,90,0.000000e+00
3,10,100,0.000000e+00
3,10,1,1.381654e+04
3,10,2,8.055863e+03
3,10,3,2.518191e+03
3,10,5,4.779086e+02
3,10,10,3.429622e+00
3,10,20,1.352761e-07
3,10,30,0.000000e+00
3,10,40,0.000000e+00
3,10,50,0.000000e+00
3,10,60,0.000000e+00
3,10,70,0.000000e+00
3,10,80,0.000000e+00
3,10,90,0.000000e+00
3,10,100,0.000000e+00
3,10,1,1.226010e+04
3,10,2,3.568900e+03
3,10,3,1.423489e+03
3,10,5,1.007627e+02
3,10,10,2.974585e-02
3,10,20,4.920935e-10
3,10,30,0.000000e+00
3,10,40,0.000000e+00
3,10,50,0.000000e+00
3,10,60,0.000000e+00
3,10,70,0.000000e+00
3,10,80,0.000000e+00
3,10,90,0.000000e+00
3,10,100,0.000000e+00
3,10,1,7.905782e+03
3,10,2,6.383495e+03
3,10,3,1.769611e+03
3,10,5,8.827580e+01
3,10,10,2.198282e-01
3,10,20,7.903168e-09
3,10,30,0.000000e+00
3,10,40,0.000000e+00
3,10,50,0.000000e+00
3,10,60,0.000000e+00
3,10,70,0.000000e+00
3,10,80,0.000000e+00
3,10,90,0.000000e+00
3,10,100,0.000000e+00
3,10,1,2.277904e+04
3,10,2,1.089899e+04
3,10,3,2.816414e+03
3,10,5,2.791025e+02
3,10,10,4.435718e-01
3,10,20,6.778066e-09
3,10,30,0.000000e+00
3,10,40,0.000000e+00
3,10,50,0.000000e+00
3,10,60,0.000000e+00
3,10,70,0.000000e+00
3,10,80,0.000000e+00
3,10,90,0.000000e+00
3,10,100,0.000000e+00
3,10,1,1.997401e+04
3,10,2,3.953435e+03
3,10,3,2.350234e+03
3,10,5,7.975457e+02
3,10,10,1.155845e+00
3,10,20,9.891778e-09
3,10,30,0.000000e+00
3,10,40,0.000000e+00
3,10,50,0.000000e+00
3,10,60,0.000000e+00
3,10,70,0.000000e+00
3,10,80,0.000000e+00
3,10,90,0.000000e+00
3,10,100,0.000000e+00
3,10,1,9.921425e+03
3,10,2,5.190190e+03
3,10,3,1.248866e+03
3,10,5,8.628809e+01
3,10,10,4.279768e-02
3,10,20,1.048420e-09
3,10,30,0.000000e+00
3,10,40,0.000000e+00
3,10,50,0.000000e+00
3,10,60,0.000000e+00
3,10,70,0.000000e+00
3,10,80,0.000000e+00
3,10,90,0.000000e+00
3,10,100,0.000000e+00
3,10,1,1.589005e+04
3,10,2,4.715497e+03
3,10,3,2.404091e+03
3,10,5,3.581720e+02
3,10,10,2.824003e-01
3,10,20,1.503503e-08
3,10,30,0.000000e+00
3,10,40,0.000000e+00
3,10,50,0.000000e+00
3,10,60,0.000000e+00
3,10,70,0.000000e+00
3,10,80,0.000000e+00
3,10,90,0.000000e+00
3,10,100,0.000000e+00
3,10,1,2.221986e+04
3,10,2,1.456431e+04
3,10,3,7.366534e+03
3,10,5,1.456798e+03
3,10,10,8.092720e+00
3,10,20,1.550291e-07
3,10,30,0.000000e+00
3,10,40,0.000000e+00
3,10,50,0.000000e+00
3,10,60,0.000000e+00
3,10,70,0.000000e+00
3,10,80,0.000000e+00
3,10,90,0.000000e+00
3,10,100,0.000000e+00
3,10,1,1.771990e+04
3,10,2,1.154035e+04
3,10,3,2.977408e+03
3,10,5,4.226077e+02
3,10,10,1.888482e-01
3,10,20,2.453601e-08
3,10,30,0.000000e+00
3,10,40,0.000000e+00
3,10,50,0.000000e+00
3,10,60,0.000000e+00
3,10,70,0.000000e+00
3,10,80,0.000000e+00
3,10,90,0.000000e+00
3,10,100,0.000000e+00
3,10,1,1.582191e+04
3,10,2,7.604685e+03
3,10,3,1.317505e+03
3,10,5,2.635047e+02
3,10,10,1.636069e-01
3,10,20,8.150437e-09
3,10,30,0.000000e+00
3,10,40,0.000000e+00
3,10,50,0.000000e+00
3,10,60,0.000000e+00
3,10,70,0.000000e+00
3,10,80,0.000000e+00
3,10,90,0.000000e+00
3,10,100,0.000000e+00
3,10,1,1.613518e+04
3,10,2,1.263514e+04
3,10,3,3.534714e+03
3,10,5,2.313182e+02
3,10,10,4.055346e-01
3,10,20,8.145832e-09
3,10,30,0.000000e+00
3,10,40,0.000000e+00
3,10,50,0.000000e+00
3,10,60,0.000000e+00
3,10,70,0.000000e+00
3,10,80,0.000000e+00
3,10,90,0.000000e+00
3,10,100,0.000000e+00
3,10,1,2.994495e+04
3,10,2,7.364184e+03
3,10,3,2.295764e+03
3,10,5,2.433706e+02
3,10,10,8.546429e-02
3,10,20,1.771923e-09
3,10,30,0.000000e+00
3,10,40,0.000000e+00
3,10,50,0.000000e+00
3,10,60,0.000000e+00
3,10,70,0.000000e+00
3,10,80,0.000000e+00
3,10,90,0.000000e+00
3,10,100,0.000000e+00
3,10,1,1.575752e+04
3,10,2,8.953208e+03
3,10,3,2.005257e+03
3,10,5,4.238931e+02
3,10,10,4.973695e-01
3,10,20,1.237680e-08
3,10,30,0.000000e+00
3,10,40,0.000000e+00
3,10,50,0.000000e+00
3,10,60,0.000000e+00
3,10,70,0.000000e+00
3,10,80,0.000000e+00
3,10,90,0.000000e+00
3,10,100,0.000000e+00
3,10,1,2.069808e+04
3,10,2,6.077724e+03
3,10,3,2.509199e+03
3,10,5,1.799538e+02
3,10,10,3.165999e-02
3,10,20,1.319790e-09
3,10,30,0.000000e+00
3,10,40,0.000000e+00
3,10,50,0.000000e+00
3,10,60,0.000000e+00
3,10,70,0.000000e+00
3,10,80,0.000000e+00
3,10,90,0.000000e+00
3,10,100,0.000000e+00
3,10,1,1.820565e+04
3,10,2,3.970754e+03
3,10,3,1.106276e+03
3,10,5,1.388781e+02
3,10,10,5.614834e-02
3,10,20,9.924292e-10
3,10,30,0.000000e+00
3,10,40,0.000000e+00
3,10,50,0.000000e+00
3,10,60,0.000000e+00
3,10,70,0.000000e+00
3,10,80,0.000000e+00
3,10,90,0.000000e+00
3,10,100,0.000000e+00
3,10,1,1.094545e+04
3,10,2,5.208096e+03
3,10,3,1.624030e+03
3,10,5,1.786828e+02
3,10,10,1.815237e-01
3,10,20,1.771639e-09
3,10,30,0.000000e+00
3,10,40,0.000000e+00
3,10,50,0.000000e+00
3,10,60,0.000000e+00
3,10,70,0.000000e+00
3,10,80,0.000000e+00
3,10,90,0.000000e+00
3,10,100,0.000000e+00
3,10,1,1.214871e+04
3,10,2,6.228622e+03
3,10,3,1.140570e+03
3,10,5,1.303938e+02
3,10,10,5.402025e-01
3,10,20,1.233053e-08
3,10,30,0.000000e+00
3,10,40,0.000000e+00
3,10,50,0.000000e+00
3,10,60,0.000000e+00
3,10,70,0.000000e+00
3,10,80,0.000000e+00
3,10,90,0.000000e+00
3,10,100,0.000000e+00
3,10,1,2.884331e+04
3,10,2,4.346297e+03
3,10,3,3.680162e+03
3,10,5,4.565212e+02
3,10,10,5.016958e-01
3,10,20,7.027836e-09
3,10,30,0.000000e+00
3,10,40,0.000000e+00
3,10,50,0.000000e+00
3,10,60,0.000000e+00
3,10,70,0.000000e+00
3,10,80,0.000000e+00
3,10,90,0.000000e+00
3,10,100,0.000000e+00
3,10,1,1.142602e+04
3,10,2,1.142602e+04
3,10,3,3.978513e+03
3,10,5,4.274806e+02
3,10,10,3.498945e-01
3,10,20,1.903061e-08
3,10,30,0.000000e+00
3,10,40,0.000000e+00
3,10,50,0.000000e+00
3,10,60,0.000000e+00
3,10,70,0.000000e+00
3,10,80,0.000000e+00
3,10,90,0.000000e+00
3,10,100,0.000000e+00
3,10,1,2.144223e+04
3,10,2,6.278896e+03
3,10,3,3.080133e+03
3,10,5,3.635820e+02
3,10,10,1.712661e-01
3,10,20,2.063700e-09
3,10,30,0.000000e+00
3,10,40,0.000000e+00
3,10,50,0.000000e+00
3,10,60,0.000000e+00
3,10,70,0.000000e+00
3,10,80,0.000000e+00
3,10,90,0.000000e+00
3,10,100,0.000000e+00
3,10,1,2.081726e+04
3,10,2,9.351682e+03
3,10,3,3.267809e+03
3,10,5,7.934560e+02
3,10,10,7.021148e+00
3,10,20,6.392730e-08
3,10,30,0.000000e+00
3,10,40,0.000000e+00
3,10,50,0.000000e+00
3,10,60,0.000000e+00
3,10,70,0.000000e+00
3,10,80,0.000000e+00
3,10,90,0.000000e+00
3,10,100,0.000000e+00
