funcid,dim,milestone,error
14,30,1,7.294563e+03
14,30,2,2.534528e+02
14,30,3,1.412376e+02
14,30,5,1.116779e+02
14,30,10,9.473200e+01
14,30,20,7.868288e+01
14,30,30,6.383894e+01
14,30,40,3.824195e+01
14,30,50,1.800837e+01
14,30,60,1.800837e+01
14,30,70,1.800837e+01
14,30,80,1.800837e+01
14,30,90,1.800837e+01
14,30,100,1.800837e+01
14,30,1,7.827188e+03
14,30,2,2.465806e+02
14,30,3,1.332002e+02
14,30,5,8.757661e+01
14,30,10,8.757661e+01
14,30,20,7.506178e+01
14,30,30,7.105196e+01
14,30,40,3.473665e+01
14,30,50,1.249843e+01
14,30,60,1.223802e+01
14,30,70,1.222409e+01
14,30,80,1.222231e+01
14,30,90,1.211430e+01
14,30,100,1.210293e+01
14,30,1,5.664429e+03
14,30,2,2.304287e+02
14,30,3,1.316906e+02
14,30,5,8.561854e+01
14,30,10,6.832370e+01
14,30,20,6.641970e+01
14,30,30,6.228842e+01
14,30,40,6.228842e+01
14,30,50,6.228842e+01
14,30,60,6.228842e+01
14,30,70,6.228842e+01
14,30,80,6.228842e+01
14,30,90,6.228842e+01
14,30,100,6.228842e+01
14,30,1,2.077882e+04
14,30,2,2.336503e+02
14,30,3,1.130506e+02
14,30,5,9.783127e+01
14,30,10,7.616457e+01
14,30,20,6.956812e+01
14,30,30,5.934464e+01
14,30,40,2.720602e+01
14,30,50,2.669421e+01
14,30,60,2.628162e+01
14,30,70,2.628154e+01
14,30,80,2.628154e+01
14,30,90,2.628154e+01
14,30,100,2.628154e+01
14,30,1,1.240664e+04
14,30,2,2.067549e+02
14,30,3,1.114765e+02
14,30,5,1.007695e+02
14,30,10,8.459352e+01
14,30,20,7.607503e+01
14,30,30,6.877762e+01
14,30,40,6.877762e+01
14,30,50,6.519897e+01
14,30,60,6.424534e+01
14,30,70,6.420975e+01
14,30,80,2.993739e+01
14,30,90,2.965611e+01
14,30,100,2.947824e+01
14,30,1,2.279275e+04
14,30,2,3.367912e+02
14,30,3,1.532381e+02
14,30,5,1.121314e+02
14,30,10,7.919675e+01
14,30,20,7.903693e+01
14,30,30,4.226053e+01
14,30,40,1.507050e+01
14,30,50,1.502731e+01
14,30,60,1.502333e+01
14,30,70,1.502251e+01
14,30,80,1.502251e+01
14,30,90,1.502251e+01
14,30,100,1.502251e+01
14,30,1,4.487019e+03
14,30,2,2.146112e+02
14,30,3,1.059339e+02
14,30,5,9.948020e+01
14,30,10,6.280426e+01
14,30,20,6.280426e+01
14,30,30,5.873688e+01
14,30,40,2.620525e+01
14,30,50,2.619863e+01
14,30,60,2.610571e+01
14,30,70,2.605787e+01
14,30,80,2.603935e+01
14,30,90,2.576823e+01
14,30,100,2.544259e+01
14,30,1,1.131223e+04
14,30,2,3.227545e+02
14,30,3,1.552409e+02
14,30,5,1.025078e+02
14,30,10,8.535573e+01
14,30,20,7.131199e+01
14,30,30,7.131199e+01
14,30,40,7.131199e+01
14,30,50,7.131199e+01
14,30,60,6.574447e+01
14,30,70,2.938980e+01
14,30,80,2.909147e+01
14,30,90,2.864188e+01
14,30,100,2.863958e+01
14,30,1,1.017613e+04
14,30,2,2.641182e+02
14,30,3,1.393423e+02
14,30,5,1.062287e+02
14,30,10,8.150586e+01
14,30,20,6.452988e+01
14,30,30,3.508839e+01
14,30,40,3.476812e+01
14,30,50,3.471441e+01
14,30,60,3.445178e+01
14,30,70,3.418791e+01
14,30,80,3.418791e+01
14,30,90,3.418791e+01
14,30,100,3.418791e+01
14,30,1,3.517869e+03
14,30,2,2.002388e+02
14,30,3,1.096921e+02
14,30,5,9.818470e+01
14,30,10,7.353392e+01
14,30,20,7.057255e+01
14,30,30,6.338261e+01
14,30,40,1.060748e+01
14,30,50,9.301215e+00
14,30,60,9.278321e+00
14,30,70,9.259898e+00
14,30,80,9.259663e+00
14,30,90,9.259663e+00
14,30,100,9.259663e+00
14,30,1,1.717443e+04
14,30,2,2.312948e+02
14,30,3,1.126381e+02
14,30,5,6.430347e+01
14,30,10,6.430347e+01
14,30,20,6.260899e+01
14,30,30,6.260899e+01
14,30,40,6.245053e+01
14,30,50,2.720152e+01
14,30,60,2.676130e+01
14,30,70,2.676072e+01
14,30,80,2.624578e+01
14,30,90,2.622510e+01
14,30,100,2.622098e+01
14,30,1,1.019274e+04
14,30,2,2.261305e+02
14,30,3,1.124801e+02
14,30,5,9.284888e+01
14,30,10,9.173058e+01
14,30,20,7.722019e+01
14,30,30,6.824250e+01
14,30,40,6.824250e+01
14,30,50,6.526414e+01
14,30,60,6.526414e+01
14,30,70,4.344865e+01
14,30,80,2.490233e+01
14,30,90,2.484624e+01
14,30,100,2.467547e+01
14,30,1,7.401051e+03
14,30,2,2.018981e+02
14,30,3,1.228029e+02
14,30,5,9.021957e+01
14,30,10,8.817787e+01
14,30,20,7.127832e+01
14,30,30,3.373335e+01
14,30,40,3.340496e+01
14,30,50,3.297098e+01
14,30,60,3.276924e+01
14,30,70,3.267213e+01
14,30,80,3.267198e+01
14,30,90,3.267197e+01
14,30,100,3.267197e+01
14,30,1,6.644477e+03
14,30,2,1.894001e+02
14,30,3,1.296647e+02
14,30,5,1.050784e+02
14,30,10,7.881920e+01
14,30,20,6.739371e+01
14,30,30,6.167257e+01
14,30,40,2.619747e+01
14,30,50,2.587847e+01
14,30,60,2.564351e+01
14,30,70,2.538177e+01
14,30,80,2.517278e+01
14,30,90,2.517260e+01
14,30,100,2.517260e+01
14,30,1,2.221448e+04
14,30,2,5.407936e+02
14,30,3,2.002243e+02
14,30,5,1.641130e+02
14,30,10,8.913516e+01
14,30,20,7.117763e+01
14,30,30,3.451247e+01
14,30,40,3.071030e+01
14,30,50,3.030116e+01
14,30,60,3.010970e+01
14,30,70,3.010946e+01
14,30,80,3.008135e+01
14,30,90,3.008135e+01
14,30,100,3.008135e+01
14,30,1,1.422163e+04
14,30,2,2.172054e+02
14,30,3,1.184398e+02
14,30,5,9.761025e+01
14,30,10,8.310373e+01
14,30,20,7.863542e+01
14,30,30,7.418156e+01
14,30,40,4.075573e+01
14,30,50,3.987523e+01
14,30,60,3.974058e+01
14,30,70,3.970065e+01
14,30,80,3.955012e+01
14,30,90,3.903992e+01
14,30,100,3.903992e+01
14,30,1,5.807986e+03
14,30,2,1.970482e+02
14,30,3,1.191605e+02
14,30,5,1.003937e+02
14,30,10,7.689705e+01
14,30,20,7.167531e+01
14,30,30,6.667409e+01
14,30,40,6.667409e+01
14,30,50,3.032699e+01
14,30,60,3.012038e+01
14,30,70,2.999062e+01
14,30,80,2.990133e+01
14,30,90,2.950348e+01
14,30,100,2.949622e+01
14,30,1,5.581718e+03
14,30,2,2.608350e+02
14,30,3,1.268634e+02
14,30,5,9.567287e+01
14,30,10,9.270193e+01
14,30,20,7.568691e+01
14,30,30,6.976256e+01
14,30,40,5.899957e+01
14,30,50,5.899957e+01
14,30,60,3.956339e+01
14,30,70,3.839496e+01
14,30,80,3.830068e+01
14,30,90,3.815791e+01
14,30,100,3.815791e+01
14,30,1,3.337786e+03
14,30,2,1.926325e+02
14,30,3,1.486089e+02
14,30,5,1.015152e+02
14,30,10,7.991859e+01
14,30,20,7.278395e+01
14,30,30,6.278466e+01
14,30,40,3.054702e+01
14,30,50,3.015808e+01
14,30,60,3.000374e+01
14,30,70,2.986745e+01
14,30,80,2.954737e+01
14,30,90,2.950352e+01
14,30,100,2.950352e+01
14,30,1,4.110018e+03
14,30,2,2.901551e+02
14,30,3,1.418178e+02
14,30,5,1.303340e+02
14,30,10,9.853434e+01
14,30,20,5.592821e+01
14,30,30,5.592821e+01
14,30,40,2.706244e+01
14,30,50,6.350970e+00
14,30,60,6.025668e+00
14,30,70,6.025482e+00
14,30,80,6.025480e+00
14,30,90,6.025480e+00
14,30,100,6.025480e+00
14,30,1,1.987469e+04
14,30,2,2.292415e+02
14,30,3,1.152167e+02
14,30,5,9.736198e+01
14,30,10,8.240957e+01
14,30,20,7.054918e+01
14,30,30,5.591264e+01
14,30,40,3.262447e+01
14,30,50,3.221795e+01
14,30,60,3.207804e+01
14,30,70,3.202489e+01
14,30,80,3.168743e+01
14,30,90,3.168743e+01
14,30,100,3.168743e+01
14,30,1,4.757315e+03
14,30,2,2.114246e+02
14,30,3,1.440667e+02
14,30,5,9.974242e+01
14,30,10,8.248985e+01
14,30,20,5.901943e+01
14,30,30,5.901943e+01
14,30,40,8.433976e+00
14,30,50,7.075991e+00
14,30,60,7.075898e+00
14,30,70,7.075886e+00
14,30,80,7.075884e+00
14,30,90,7.075882e+00
14,30,100,7.075882e+00
14,30,1,8.825482e+03
14,30,2,2.747923e+02
14,30,3,1.207147e+02
14,30,5,1.068310e+02
14,30,10,8.374493e+01
14,30,20,6.908570e+01
14,30,30,2.970932e+01
14,30,40,2.962548e+01
14,30,50,2.910386e+01
14,30,60,2.910384e+01
14,30,70,2.910384e+01
14,30,80,2.910384e+01
14,30,90,2.910384e+01
14,30,100,2.910384e+01
14,30,1,2.569874e+03
14,30,2,2.202048e+02
14,30,3,1.587944e+02
14,30,5,1.225690e+02
14,30,10,9.750713e+01
14,30,20,6.983654e+01
14,30,30,3.586340e+01
14,30,40,3.557681e+01
14,30,50,3.552048e+01
14,30,60,3.541719e+01
14,30,70,3.512013e+01
14,30,80,3.512013e+01
14,30,90,3.512013e+01
14,30,100,3.512013e+01
14,30,1,1.487458e+04
14,30,2,3.232505e+02
14,30,3,1.626599e+02
14,30,5,1.276120e+02
14,30,10,9.779744e+01
14,30,20,8.668686e+01
14,30,30,8.175746e+01
14,30,40,8.175746e+01
14,30,50,6.189232e+01
14,30,60,5.524219e+01
14,30,70,5.438492e+01
14,30,80,5.401415e+01
14,30,90,5.397334e+01
14,30,100,5.397325e+01
14,30,1,1.033177e+04
14,30,2,2.304030e+02
14,30,3,1.294280e+02
14,30,5,9.125672e+01
14,30,10,6.324986e+01
14,30,20,6.324986e+01
14,30,30,6.120082e+01
14,30,40,3.240677e+01
14,30,50,3.222591e+01
14,30,60,3.209987e+01
14,30,70,3.203414e+01
14,30,80,3.179931e+01
14,30,90,3.130901e+01
14,30,100,3.084279e+01
14,30,1,9.937941e+03
14,30,2,3.539667e+02
14,30,3,1.609191e+02
14,30,5,1.279931e+02
14,30,10,9.573370e+01
14,30,20,8.751300e+01
14,30,30,8.249791e+01
14,30,40,7.773395e+01
14,30,50,3.852679e+01
14,30,60,3.710700e+01
14,30,70,3.696222e+01
14,30,80,3.629714e+01
14,30,90,3.590124e+01
14,30,100,3.378702e+01
14,30,1,1.342898e+04
14,30,2,2.851078e+02
14,30,3,1.219937e+02
14,30,5,6.817558e+01
14,30,10,6.781738e+01
14,30,20,6.781738e+01
14,30,30,6.304157e+01
14,30,40,3.605712e+01
14,30,50,3.588472e+01
14,30,60,3.574323e+01
14,30,70,3.561511e+01
14,30,80,3.534874e+01
14,30,90,3.518053e+01
14,30,100,3.406873e+01
14,30,1,2.824928e+04
14,30,2,2.602095e+02
14,30,3,1.145731e+02
14,30,5,9.742064e+01
14,30,10,7.629247e+01
14,30,20,7.369481e+01
14,30,30,6.970566e+01
14,30,40,2.700543e+01
14,30,50,5.982765e+00
14,30,60,5.982249e+00
14,30,70,5.982150e+00
14,30,80,5.982148e+00
14,30,90,5.982148e+00
14,30,100,5.982148e+00
14,30,1,6.739981e+03
14,30,2,2.508986e+02
14,30,3,1.162818e+02
14,30,5,1.040664e+02
14,30,10,8.950482e+01
14,30,20,8.185245e+01
14,30,30,7.162745e+01
14,30,40,6.437570e+01
14,30,50,3.141428e+01
14,30,60,3.106525e+01
14,30,70,3.073189e+01
14,30,80,3.065559e+01
14,30,90,3.065559e+01
14,30,100,3.065559e+01
14,30,1,5.781896e+03
14,30,2,2.006175e+02
14,30,3,1.205904e+02
14,30,5,9.480814e+01
14,30,10,7.878020e+01
14,30,20,7.878020e+01
14,30,30,7.159681e+01
14,30,40,4.116846e+01
14,30,50,4.083819e+01
14,30,60,4.066374e+01
14,30,70,4.019887e+01
14,30,80,3.845345e+01
14,30,90,3.834346e+01
14,30,100,3.833930e+01
