funcid,dim,milestone,error
19,10,1,3.024205e+02
19,10,2,4.139535e+01
19,10,3,1.240132e+01
19,10,5,7.643345e+00
19,10,10,1.951765e+00
19,10,20,5.305905e-02
19,10,30,4.971353e-05
19,10,40,0.000000e+00
19,10,50,0.000000e+00
19,10,60,0.000000e+00
19,10,70,0.000000e+00
19,10,80,0.000000e+00
19,10,90,0.000000e+00
19,10,100,0.000000e+00
19,10,1,4.262225e+03
19,10,2,1.658792e+01
19,10,3,1.069745e+01
19,10,5,4.975432e+00
19,10,10,1.945641e+00
19,10,20,3.122703e-01
19,10,30,5.717281e-02
19,10,40,1.980820e-02
19,10,50,1.972934e-02
19,10,60,1.972934e-02
19,10,70,1.972934e-02
19,10,80,1.972934e-02
19,10,90,1.972934e-02
19,10,100,1.972934e-02
19,10,1,1.348277e+03
19,10,2,1.135837e+01
19,10,3,5.161009e+00
19,10,5,3.693665e+00
19,10,10,1.700887e+00
19,10,20,5.180134e-02
19,10,30,8.379195e-04
19,10,40,5.184120e-11
19,10,50,0.000000e+00
19,10,60,0.000000e+00
19,10,70,0.000000e+00
19,10,80,0.000000e+00
19,10,90,0.000000e+00
19,10,100,0.000000e+00
19,10,1,1.372444e+02
19,10,2,3.077858e+01
19,10,3,1.300248e+01
19,10,5,7.264551e+00
19,10,10,2.480066e+00
19,10,20,2.205840e-01
19,10,30,3.942158e-02
19,10,40,3.916116e-02
19,10,50,3.916116e-02
19,10,60,3.916116e-02
19,10,70,3.916116e-02
19,10,80,3.916116e-02
19,10,90,3.916116e-02
19,10,100,3.916116e-02
19,10,1,4.776542e+03
19,10,2,3.889231e+01
19,10,3,1.351784e+01
19,10,5,7.038370e+00
19,10,10,3.001724e+00
19,10,20,1.684186e+00
19,10,30,1.595887e+00
19,10,40,1.595784e+00
19,10,50,1.595784e+00
19,10,60,1.595784e+00
19,10,70,1.595784e+00
19,10,80,1.595784e+00
19,10,90,1.595784e+00
19,10,100,1.595784e+00
19,10,1,3.418621e+02
19,10,2,2.712147e+01
19,10,3,1.176515e+01
19,10,5,7.215236e+00
19,10,10,1.630307e+00
19,10,20,5.263858e-02
19,10,30,5.244988e-08
19,10,40,0.000000e+00
19,10,50,0.000000e+00
19,10,60,0.000000e+00
19,10,70,0.000000e+00
19,10,80,0.000000e+00
19,10,90,0.000000e+00
19,10,100,0.000000e+00
19,10,1,1.682761e+03
19,10,2,2.562964e+01
19,10,3,8.957782e+00
19,10,5,6.505086e+00
19,10,10,3.308137e+00
19,10,20,2.704979e-01
19,10,30,3.991732e-02
19,10,40,3.916117e-02
19,10,50,3.916116e-02
19,10,60,3.916116e-02
19,10,70,3.916116e-02
19,10,80,3.916116e-02
19,10,90,3.916116e-02
19,10,100,3.916116e-02
19,10,1,1.463126e+03
19,10,2,2.725478e+01
19,10,3,1.245284e+01
19,10,5,7.325005e+00
19,10,10,2.074686e+00
19,10,20,3.942094e-01
19,10,30,2.643061e-02
19,10,40,1.943185e-02
19,10,50,1.943182e-02
19,10,60,1.943182e-02
19,10,70,1.943182e-02
19,10,80,1.943182e-02
19,10,90,1.943182e-02
19,10,100,1.943182e-02
19,10,1,6.907092e+03
19,10,2,5.636691e+01
19,10,3,9.854203e+00
19,10,5,6.075461e+00
19,10,10,2.110620e+00
19,10,20,1.247265e+00
19,10,30,1.218247e-01
19,10,40,2.919439e-02
19,10,50,1.972934e-02
19,10,60,1.972934e-02
19,10,70,1.972934e-02
19,10,80,1.972934e-02
19,10,90,1.972934e-02
19,10,100,1.972934e-02
19,10,1,5.165792e+02
19,10,2,1.338604e+01
19,10,3,9.602116e+00
19,10,5,6.562753e+00
19,10,10,1.690061e+00
19,10,20,8.041070e-02
19,10,30,1.976529e-02
19,10,40,1.943182e-02
19,10,50,1.943182e-02
19,10,60,1.943182e-02
19,10,70,1.943182e-02
19,10,80,1.943182e-02
19,10,90,1.943182e-02
19,10,100,1.943182e-02
19,10,1,2.045890e+03
19,10,2,2.482544e+01
19,10,3,1.110281e+01
19,10,5,7.565730e+00
19,10,10,1.949279e+00
19,10,20,4.988619e-02
19,10,30,9.582595e-05
19,10,40,0.000000e+00
19,10,50,0.000000e+00
19,10,60,0.000000e+00
19,10,70,0.000000e+00
19,10,80,0.000000e+00
19,10,90,0.000000e+00
19,10,100,0.000000e+00
19,10,1,6.102541e+02
19,10,2,2.312368e+01
19,10,3,1.052267e+01
19,10,5,6.090806e+00
19,10,10,1.544047e+00
19,10,20,4.109542e-01
19,10,30,1.453504e-01
19,10,40,2.688400e-02
19,10,50,7.903509e-09
19,10,60,0.000000e+00
19,10,70,0.000000e+00
19,10,80,0.000000e+00
19,10,90,0.000000e+00
19,10,100,0.000000e+00
19,10,1,1.815232e+03
19,10,2,3.059409e+01
19,10,3,8.862694e+00
19,10,5,5.521589e+00
19,10,10,1.780725e+00
19,10,20,2.750163e-02
19,10,30,2.487501e-05
19,10,40,0.000000e+00
19,10,50,0.000000e+00
19,10,60,0.000000e+00
19,10,70,0.000000e+00
19,10,80,0.000000e+00
19,10,90,0.000000e+00
19,10,100,0.000000e+00
19,10,1,9.806250e+02
19,10,2,1.409172e+01
19,10,3,1.138604e+01
19,10,5,7.029779e+00
19,10,10,2.985416e+00
19,10,20,1.051280e-01
19,10,30,7.378979e-04
19,10,40,1.386979e-11
19,10,50,0.000000e+00
19,10,60,0.000000e+00
19,10,70,0.000000e+00
19,10,80,0.000000e+00
19,10,90,0.000000e+00
19,10,100,0.000000e+00
19,10,1,4.263050e+02
19,10,2,1.673624e+01
19,10,3,7.087422e+00
19,10,5,4.391705e+00
19,10,10,1.435377e+00
19,10,20,1.039342e+00
19,10,30,1.000273e+00
19,10,40,1.000265e+00
19,10,50,1.000265e+00
19,10,60,1.000265e+00
19,10,70,1.000265e+00
19,10,80,1.000265e+00
19,10,90,1.000265e+00
19,10,100,1.000265e+00
19,10,1,3.659179e+03
19,10,2,2.501180e+01
19,10,3,8.566845e+00
19,10,5,5.683448e+00
19,10,10,3.026117e+00
19,10,20,6.126140e-01
19,10,30,1.508552e-01
19,10,40,9.053968e-05
19,10,50,0.000000e+00
19,10,60,0.000000e+00
19,10,70,0.000000e+00
19,10,80,0.000000e+00
19,10,90,0.000000e+00
19,10,100,0.000000e+00
19,10,1,3.930334e+02
19,10,2,1.942973e+01
19,10,3,1.125994e+01
19,10,5,7.367282e+00
19,10,10,2.002629e+00
19,10,20,6.376026e-02
19,10,30,1.886073e-06
19,10,40,0.000000e+00
19,10,50,0.000000e+00
19,10,60,0.000000e+00
19,10,70,0.000000e+00
19,10,80,0.000000e+00
19,10,90,0.000000e+00
19,10,100,0.000000e+00
19,10,1,7.409424e+02
19,10,2,2.908207e+01
19,10,3,7.830214e+00
19,10,5,4.459535e+00
19,10,10,1.599110e+00
19,10,20,6.689055e-02
19,10,30,1.101787e-04
19,10,40,0.000000e+00
19,10,50,0.000000e+00
19,10,60,0.000000e+00
19,10,70,0.000000e+00
19,10,80,0.000000e+00
19,10,90,0.000000e+00
19,10,100,0.000000e+00
19,10,1,8.429156e+02
19,10,2,1.619883e+01
19,10,3,8.043971e+00
19,10,5,4.818531e+00
19,10,10,1.347212e+00
19,10,20,3.938002e-02
19,10,30,1.826766e-08
19,10,40,0.000000e+00
19,10,50,0.000000e+00
19,10,60,0.000000e+00
19,10,70,0.000000e+00
19,10,80,0.000000e+00
19,10,90,0.000000e+00
19,10,100,0.000000e+00
19,10,1,2.512061e+03
19,10,2,2.548858e+01
19,10,3,1.105905e+01
19,10,5,6.105166e+00
19,10,10,1.941911e+00
19,10,20,1.763471e-01
19,10,30,2.565239e-02
19,10,40,3.352852e-09
19,10,50,0.000000e+00
19,10,60,0.000000e+00
19,10,70,0.000000e+00
19,10,80,0.000000e+00
19,10,90,0.000000e+00
19,10,100,0.000000e+00
19,10,1,2.087034e+02
19,10,2,1.119964e+01
19,10,3,1.079808e+01
19,10,5,6.754586e+00
19,10,10,2.333625e+00
19,10,20,1.269952e-01
19,10,30,2.894447e-02
19,10,40,1.943184e-02
19,10,50,1.943182e-02
19,10,60,1.943182e-02
19,10,70,1.943182e-02
19,10,80,1.943182e-02
19,10,90,1.943182e-02
19,10,100,1.943182e-02
19,10,1,2.978815e+03
19,10,2,3.815553e+01
19,10,3,1.065372e+01
19,10,5,7.091044e+00
19,10,10,2.417149e+00
19,10,20,2.054040e-01
19,10,30,1.784610e-02
19,10,40,1.349918e-09
19,10,50,0.000000e+00
19,10,60,0.000000e+00
19,10,70,0.000000e+00
19,10,80,0.000000e+00
19,10,90,0.000000e+00
19,10,100,0.000000e+00
19,10,1,2.420635e+03
19,10,2,2.483155e+01
19,10,3,1.159553e+01
19,10,5,6.843138e+00
19,10,10,1.696174e+00
19,10,20,1.188801e-01
19,10,30,2.129450e-02
19,10,40,1.943182e-02
19,10,50,1.943182e-02
19,10,60,1.943182e-02
19,10,70,1.943182e-02
19,10,80,1.943182e-02
19,10,90,1.943182e-02
19,10,100,1.943182e-02
19,10,1,6.038060e+02
19,10,2,1.163220e+01
19,10,3,7.125983e+00
19,10,5,4.810672e+00
19,10,10,1.461870e+00
19,10,20,9.122711e-02
19,10,30,3.589129e-02
19,10,40,1.943187e-02
19,10,50,1.943182e-02
19,10,60,1.943182e-02
19,10,70,1.943182e-02
19,10,80,1.943182e-02
19,10,90,1.943182e-02
19,10,100,1.943182e-02
19,10,1,9.930624e+02
19,10,2,2.046118e+01
19,10,3,1.086542e+01
19,10,5,6.387602e+00
19,10,10,3.030533e+00
19,10,20,1.483148e+00
19,10,30,1.166497e-01
19,10,40,1.958073e-02
19,10,50,1.943182e-02
19,10,60,1.943182e-02
19,10,70,1.943182e-02
19,10,80,1.943182e-02
19,10,90,1.943182e-02
19,10,100,1.943182e-02
19,10,1,2.510619e+03
19,10,2,5.021367e+01
19,10,3,8.201378e+00
19,10,5,5.840940e+00
19,10,10,1.649392e+00
19,10,20,9.755596e-01
19,10,30,2.308255e-02
19,10,40,6.766641e-10
19,10,50,0.000000e+00
19,10,60,0.000000e+00
19,10,70,0.000000e+00
19,10,80,0.000000e+00
19,10,90,0.000000e+00
19,10,100,0.000000e+00
19,10,1,3.498074e+02
19,10,2,2.119725e+01
19,10,3,1.024380e+01
19,10,5,6.500773e+00
19,10,10,3.154590e+00
19,10,20,1.857729e+00
19,10,30,1.621859e+00
19,10,40,1.615513e+00
19,10,50,1.615513e+00
19,10,60,1.615513e+00
19,10,70,1.615513e+00
19,10,80,1.615513e+00
19,10,90,1.615513e+00
19,10,100,1.615513e+00
19,10,1,5.295561e+02
19,10,2,2.592226e+01
19,10,3,1.068566e+01
19,10,5,6.376582e+00
19,10,10,1.612625e+00
19,10,20,8.713658e-02
19,10,30,1.008223e-04
19,10,40,0.000000e+00
19,10,50,0.000000e+00
19,10,60,0.000000e+00
19,10,70,0.000000e+00
19,10,80,0.000000e+00
19,10,90,0.000000e+00
19,10,100,0.000000e+00
19,10,1,5.604230e+02
19,10,2,9.762268e+00
19,10,3,8.198815e+00
19,10,5,5.832150e+00
19,10,10,1.728039e+00
19,10,20,1.214271e-01
19,10,30,1.948929e-02
19,10,40,1.943182e-02
19,10,50,1.943182e-02
19,10,60,1.943182e-02
19,10,70,1.943182e-02
19,10,80,1.943182e-02
19,10,90,1.943182e-02
19,10,100,1.943182e-02
19,10,1,3.921773e+02
19,10,2,2.248481e+01
19,10,3,9.511949e+00
19,10,5,8.110867e+00
19,10,10,1.994024e+00
19,10,20,1.595599e-01
19,10,30,9.092470e-02
19,10,40,9.057097e-02
19,10,50,9.057097e-02
19,10,60,9.057097e-02
19,10,70,9.057097e-02
19,10,80,9.057097e-02
19,10,90,9.057097e-02
19,10,100,9.057097e-02
19,10,1,2.187417e+02
19,10,2,1.418898e+01
19,10,3,8.931569e+00
19,10,5,5.663639e+00
19,10,10,2.083428e+00
19,10,20,2.840926e-01
19,10,30,3.318109e-03
19,10,40,6.389200e-11
19,10,50,0.000000e+00
19,10,60,0.000000e+00
19,10,70,0.000000e+00
19,10,80,0.000000e+00
19,10,90,0.000000e+00
19,10,100,0.000000e+00
