funcid,dim,milestone,error
27,50,1,3.049899e+03
27,50,2,1.769601e+03
27,50,3,1.423582e+03
27,50,5,1.251738e+03
27,50,10,1.197244e+03
27,50,20,1.163052e+03
27,50,30,1.160366e+03
27,50,40,1.155891e+03
27,50,50,1.153633e+03
27,50,60,1.151061e+03
27,50,70,1.148008e+03
27,50,80,1.140751e+03
27,50,90,1.137948e+03
27,50,100,1.136214e+03
27,50,1,2.820798e+03
27,50,2,1.753873e+03
27,50,3,1.548458e+03
27,50,5,1.411132e+03
27,50,10,1.251239e+03
27,50,20,1.180536e+03
27,50,30,1.175478e+03
27,50,40,1.171783e+03
27,50,50,1.166530e+03
27,50,60,1.162962e+03
27,50,70,1.153562e+03
27,50,80,1.148247e+03
27,50,90,1.141830e+03
27,50,100,1.137294e+03
27,50,1,3.260126e+03
27,50,2,1.932671e+03
27,50,3,1.654382e+03
27,50,5,1.488193e+03
27,50,10,1.068046e+03
27,50,20,1.020330e+03
27,50,30,1.016304e+03
27,50,40,1.013061e+03
27,50,50,1.010455e+03
27,50,60,1.008047e+03
27,50,70,1.006379e+03
27,50,80,9.993350e+02
27,50,90,9.955984e+02
27,50,100,9.937204e+02
27,50,1,3.292535e+03
27,50,2,2.128768e+03
27,50,3,1.564979e+03
27,50,5,1.335621e+03
27,50,10,1.291200e+03
27,50,20,1.158741e+03
27,50,30,1.149830e+03
27,50,40,1.142191e+03
27,50,50,1.135844e+03
27,50,60,1.126386e+03
27,50,70,1.121689e+03
27,50,80,1.113298e+03
27,50,90,1.110525e+03
27,50,100,1.104733e+03
27,50,1,4.329766e+03
27,50,2,2.073235e+03
27,50,3,1.510496e+03
27,50,5,1.331048e+03
27,50,10,1.249321e+03
27,50,20,1.232574e+03
27,50,30,1.228563e+03
27,50,40,1.224599e+03
27,50,50,1.220896e+03
27,50,60,1.216763e+03
27,50,70,1.212305e+03
27,50,80,1.207926e+03
27,50,90,1.201959e+03
27,50,100,1.199358e+03
27,50,1,3.589567e+03
27,50,2,2.301796e+03
27,50,3,1.675702e+03
27,50,5,1.381762e+03
27,50,10,1.252825e+03
27,50,20,1.243975e+03
27,50,30,1.241726e+03
27,50,40,1.236821e+03
27,50,50,1.224760e+03
27,50,60,1.221379e+03
27,50,70,1.216933e+03
27,50,80,1.210838e+03
27,50,90,1.203765e+03
27,50,100,1.201152e+03
27,50,1,3.224930e+03
27,50,2,1.972640e+03
27,50,3,1.650534e+03
27,50,5,1.474918e+03
27,50,10,1.195280e+03
27,50,20,1.139745e+03
27,50,30,1.134020e+03
27,50,40,1.129823e+03
27,50,50,1.126358e+03
27,50,60,1.123957e+03
27,50,70,1.117804e+03
27,50,80,1.115038e+03
27,50,90,1.111550e+03
27,50,100,1.106252e+03
27,50,1,2.899998e+03
27,50,2,2.112659e+03
27,50,3,1.773036e+03
27,50,5,1.363905e+03
27,50,10,1.163510e+03
27,50,20,1.142567e+03
27,50,30,1.139487e+03
27,50,40,1.137405e+03
27,50,50,1.133802e+03
27,50,60,1.131904e+03
27,50,70,1.129617e+03
27,50,80,1.122618e+03
27,50,90,1.121167e+03
27,50,100,1.119236e+03
27,50,1,3.890178e+03
27,50,2,1.624354e+03
27,50,3,1.264866e+03
27,50,5,1.197322e+03
27,50,10,1.181351e+03
27,50,20,1.178530e+03
27,50,30,1.172318e+03
27,50,40,1.167100e+03
27,50,50,1.163397e+03
27,50,60,1.161333e+03
27,50,70,1.157623e+03
27,50,80,1.154712e+03
27,50,90,1.152760e+03
27,50,100,1.147775e+03
27,50,1,3.719543e+03
27,50,2,2.613457e+03
27,50,3,1.646247e+03
27,50,5,1.234188e+03
27,50,10,1.091231e+03
27,50,20,1.061499e+03
27,50,30,1.055961e+03
27,50,40,1.053832e+03
27,50,50,1.050185e+03
27,50,60,1.046433e+03
27,50,70,1.042679e+03
27,50,80,1.038853e+03
27,50,90,1.035464e+03
27,50,100,1.031646e+03
27,50,1,3.269868e+03
27,50,2,1.895812e+03
27,50,3,1.445001e+03
27,50,5,1.415337e+03
27,50,10,1.128212e+03
27,50,20,1.083863e+03
27,50,30,1.080155e+03
27,50,40,1.076742e+03
27,50,50,1.071507e+03
27,50,60,1.067957e+03
27,50,70,1.059770e+03
27,50,80,1.055907e+03
27,50,90,1.049765e+03
27,50,100,1.045842e+03
27,50,1,3.920066e+03
27,50,2,2.120377e+03
27,50,3,1.474474e+03
27,50,5,1.262747e+03
27,50,10,1.182331e+03
27,50,20,1.162920e+03
27,50,30,1.160190e+03
27,50,40,1.158396e+03
27,50,50,1.154933e+03
27,50,60,1.152058e+03
27,50,70,1.146216e+03
27,50,80,1.144054e+03
27,50,90,1.142754e+03
27,50,100,1.139507e+03
27,50,1,2.810290e+03
27,50,2,2.112543e+03
27,50,3,1.753854e+03
27,50,5,1.358553e+03
27,50,10,1.305476e+03
27,50,20,1.255989e+03
27,50,30,1.238601e+03
27,50,40,1.235821e+03
27,50,50,1.231820e+03
27,50,60,1.229024e+03
27,50,70,1.228180e+03
27,50,80,1.223768e+03
27,50,90,1.220471e+03
27,50,100,1.217663e+03
27,50,1,4.049711e+03
27,50,2,2.231799e+03
27,50,3,1.683385e+03
27,50,5,1.434856e+03
27,50,10,1.346243e+03
27,50,20,1.344541e+03
27,50,30,1.341941e+03
27,50,40,1.339105e+03
27,50,50,1.337726e+03
27,50,60,1.334567e+03
27,50,70,1.330410e+03
27,50,80,1.327221e+03
27,50,90,1.324660e+03
27,50,100,1.323893e+03
27,50,1,1.777231e+03
27,50,2,1.305041e+03
27,50,3,1.291540e+03
27,50,5,1.220154e+03
27,50,10,1.177929e+03
27,50,20,1.168887e+03
27,50,30,1.166109e+03
27,50,40,1.161919e+03
27,50,50,1.159624e+03
27,50,60,1.158855e+03
27,50,70,1.157512e+03
27,50,80,1.154693e+03
27,50,90,1.153246e+03
27,50,100,1.151754e+03
27,50,1,4.397681e+03
27,50,2,1.858868e+03
27,50,3,1.380530e+03
27,50,5,1.291240e+03
27,50,10,1.187119e+03
27,50,20,1.159436e+03
27,50,30,1.149095e+03
27,50,40,1.144631e+03
27,50,50,1.140212e+03
27,50,60,1.136783e+03
27,50,70,1.134110e+03
27,50,80,1.129220e+03
27,50,90,1.126106e+03
27,50,100,1.123486e+03
27,50,1,3.453082e+03
27,50,2,2.493520e+03
27,50,3,1.609737e+03
27,50,5,1.377918e+03
27,50,10,1.366360e+03
27,50,20,1.363277e+03
27,50,30,1.360874e+03
27,50,40,1.358087e+03
27,50,50,1.356284e+03
27,50,60,1.353251e+03
27,50,70,1.350817e+03
27,50,80,1.348155e+03
27,50,90,1.341301e+03
27,50,100,1.336862e+03
27,50,1,3.502197e+03
27,50,2,2.205532e+03
27,50,3,1.434258e+03
27,50,5,1.315912e+03
27,50,10,1.267544e+03
27,50,20,1.240784e+03
27,50,30,1.235592e+03
27,50,40,1.232644e+03
27,50,50,1.230148e+03
27,50,60,1.226176e+03
27,50,70,1.223745e+03
27,50,80,1.222190e+03
27,50,90,1.219780e+03
27,50,100,1.217301e+03
27,50,1,2.900840e+03
27,50,2,2.077362e+03
27,50,3,1.775076e+03
27,50,5,1.256947e+03
27,50,10,1.137255e+03
27,50,20,1.111208e+03
27,50,30,1.108921e+03
27,50,40,1.105813e+03
27,50,50,1.103590e+03
27,50,60,1.101244e+03
27,50,70,1.099161e+03
27,50,80,1.096640e+03
27,50,90,1.095787e+03
27,50,100,1.090268e+03
27,50,1,2.598331e+03
27,50,2,2.147987e+03
27,50,3,1.803632e+03
27,50,5,1.506162e+03
27,50,10,1.228638e+03
27,50,20,1.226122e+03
27,50,30,1.222752e+03
27,50,40,1.218346e+03
27,50,50,1.214350e+03
27,50,60,1.212471e+03
27,50,70,1.210063e+03
27,50,80,1.205812e+03
27,50,90,1.202540e+03
27,50,100,1.200190e+03
27,50,1,2.953143e+03
27,50,2,2.008798e+03
27,50,3,1.502965e+03
27,50,5,1.259342e+03
27,50,10,1.202527e+03
27,50,20,1.197905e+03
27,50,30,1.191754e+03
27,50,40,1.187895e+03
27,50,50,1.182453e+03
27,50,60,1.178942e+03
27,50,70,1.175735e+03
27,50,80,1.171443e+03
27,50,90,1.164654e+03
27,50,100,1.160141e+03
27,50,1,2.665004e+03
27,50,2,1.694479e+03
27,50,3,1.543396e+03
27,50,5,1.253224e+03
27,50,10,1.065742e+03
27,50,20,1.061803e+03
27,50,30,1.058234e+03
27,50,40,1.054708e+03
27,50,50,1.051662e+03
27,50,60,1.048574e+03
27,50,70,1.045479e+03
27,50,80,1.039458e+03
27,50,90,1.033073e+03
27,50,100,1.030109e+03
27,50,1,3.500674e+03
27,50,2,2.154582e+03
27,50,3,1.579088e+03
27,50,5,1.305569e+03
27,50,10,1.234450e+03
27,50,20,1.197078e+03
27,50,30,1.195120e+03
27,50,40,1.191906e+03
27,50,50,1.189415e+03
27,50,60,1.185902e+03
27,50,70,1.180205e+03
27,50,80,1.176378e+03
27,50,90,1.171300e+03
27,50,100,1.165431e+03
27,50,1,3.277581e+03
27,50,2,2.072869e+03
27,50,3,1.429793e+03
27,50,5,1.078159e+03
27,50,10,1.049747e+03
27,50,20,1.048250e+03
27,50,30,1.047407e+03
27,50,40,1.046234e+03
27,50,50,1.044948e+03
27,50,60,1.044251e+03
27,50,70,1.043390e+03
27,50,80,1.041923e+03
27,50,90,1.041045e+03
27,50,100,1.040387e+03
27,50,1,3.760663e+03
27,50,2,2.664528e+03
27,50,3,1.437134e+03
27,50,5,1.298820e+03
27,50,10,1.214700e+03
27,50,20,1.211733e+03
27,50,30,1.207379e+03
27,50,40,1.199911e+03
27,50,50,1.196978e+03
27,50,60,1.192634e+03
27,50,70,1.188567e+03
27,50,80,1.185538e+03
27,50,90,1.182677e+03
27,50,100,1.179704e+03
27,50,1,3.320402e+03
27,50,2,2.162644e+03
27,50,3,1.414334e+03
27,50,5,1.352391e+03
27,50,10,1.184056e+03
27,50,20,1.176344e+03
27,50,30,1.166500e+03
27,50,40,1.162015e+03
27,50,50,1.155361e+03
27,50,60,1.148606e+03
27,50,70,1.143846e+03
27,50,80,1.139843e+03
27,50,90,1.136797e+03
27,50,100,1.133757e+03
27,50,1,3.678933e+03
27,50,2,1.863085e+03
27,50,3,1.759745e+03
27,50,5,1.520488e+03
27,50,10,1.443067e+03
27,50,20,1.338814e+03
27,50,30,1.334607e+03
27,50,40,1.328411e+03
27,50,50,1.321881e+03
27,50,60,1.315841e+03
27,50,70,1.308362e+03
27,50,80,1.278611e+03
27,50,90,1.276857e+03
27,50,100,1.275119e+03
27,50,1,2.856737e+03
27,50,2,2.007240e+03
27,50,3,1.705448e+03
27,50,5,1.500062e+03
27,50,10,1.239302e+03
27,50,20,1.235154e+03
27,50,30,1.232970e+03
27,50,40,1.229162e+03
27,50,50,1.226184e+03
27,50,60,1.220985e+03
27,50,70,1.204918e+03
27,50,80,1.201411e+03
27,50,90,1.198097e+03
27,50,100,1.195058e+03
27,50,1,3.328907e+03
27,50,2,2.205570e+03
27,50,3,1.662820e+03
27,50,5,1.426665e+03
27,50,10,1.275199e+03
27,50,20,1.269592e+03
27,50,30,1.258205e+03
27,50,40,1.253867e+03
27,50,50,1.250571e+03
27,50,60,1.247475e+03
27,50,70,1.243967e+03
27,50,80,1.241485e+03
27,50,90,1.237240e+03
27,50,100,1.235322e+03
27,50,1,3.892812e+03
27,50,2,2.220292e+03
27,50,3,1.623841e+03
27,50,5,1.244861e+03
27,50,10,1.110203e+03
27,50,20,1.097091e+03
27,50,30,1.094439e+03
27,50,40,1.092903e+03
27,50,50,1.088658e+03
27,50,60,1.085539e+03
27,50,70,1.081441e+03
27,50,80,1.080478e+03
27,50,90,1.078573e+03
27,50,100,1.077343e+03
27,50,1,3.696554e+03
27,50,2,2.062858e+03
27,50,3,1.746725e+03
27,50,5,1.214930e+03
27,50,10,1.032101e+03
27,50,20,1.005515e+03
27,50,30,9.986284e+02
27,50,40,9.909769e+02
27,50,50,9.866037e+02
27,50,60,9.760910e+02
27,50,70,9.665103e+02
27,50,80,9.584205e+02
27,50,90,9.528792e+02
27,50,100,9.472850e+02
