funcid,dim,milestone,error
1,30,1,6.373060e+10
1,30,2,5.126434e+10
1,30,3,4.259002e+10
1,30,5,3.272739e+10
1,30,10,2.815920e+10
1,30,20,2.052549e+10
1,30,30,2.028270e+10
1,30,40,2.023611e+10
1,30,50,2.009719e+10
1,30,60,2.002422e+10
1,30,70,1.992186e+10
1,30,80,1.988339e+10
1,30,90,1.973562e+10
1,30,100,1.964129e+10
1,30,1,5.171097e+10
1,30,2,4.459975e+10
1,30,3,3.541703e+10
1,30,5,2.039338e+10
1,30,10,1.775451e+10
1,30,20,1.588661e+10
1,30,30,1.572616e+10
1,30,40,1.554268e+10
1,30,50,1.546726e+10
1,30,60,1.534589e+10
1,30,70,1.526375e+10
1,30,80,1.515155e+10
1,30,90,1.504850e+10
1,30,100,1.493619e+10
1,30,1,6.946860e+10
1,30,2,5.812293e+10
1,30,3,4.375339e+10
1,30,5,2.745308e+10
1,30,10,1.931821e+10
1,30,20,1.624610e+10
1,30,30,1.554902e+10
1,30,40,1.550486e+10
1,30,50,1.542143e+10
1,30,60,1.534433e+10
1,30,70,1.530202e+10
1,30,80,1.512897e+10
1,30,90,1.503340e+10
1,30,100,1.497137e+10
1,30,1,6.446736e+10
1,30,2,5.083823e+10
1,30,3,3.680488e+10
1,30,5,2.798692e+10
1,30,10,2.560088e+10
1,30,20,2.014677e+10
1,30,30,1.993155e+10
1,30,40,1.979626e+10
1,30,50,1.973468e+10
1,30,60,1.965040e+10
1,30,70,1.956802e+10
1,30,80,1.923289e+10
1,30,90,1.916198e+10
1,30,100,1.909156e+10
1,30,1,6.447257e+10
1,30,2,5.073410e+10
1,30,3,4.808369e+10
1,30,5,2.737726e+10
1,30,10,2.501920e+10
1,30,20,1.764737e+10
1,30,30,1.751329e+10
1,30,40,1.742897e+10
1,30,50,1.734096e+10
1,30,60,1.726929e+10
1,30,70,1.720311e+10
1,30,80,1.703066e+10
1,30,90,1.699273e+10
1,30,100,1.688583e+10
1,30,1,6.218534e+10
1,30,2,4.328099e+10
1,30,3,2.920077e+10
1,30,5,2.439692e+10
1,30,10,2.203188e+10
1,30,20,1.492709e+10
1,30,30,1.378385e+10
1,30,40,1.300069e+10
1,30,50,1.287247e+10
1,30,60,1.281845e+10
1,30,70,1.272918e+10
1,30,80,1.264410e+10
1,30,90,1.251991e+10
1,30,100,1.231479e+10
1,30,1,6.078934e+10
1,30,2,5.718806e+10
1,30,3,5.047171e+10
1,30,5,2.264209e+10
1,30,10,1.827233e+10
1,30,20,1.516495e+10
1,30,30,1.435391e+10
1,30,40,1.426395e+10
1,30,50,1.424070e+10
1,30,60,1.414399e+10
1,30,70,1.408043e+10
1,30,80,1.399423e+10
1,30,90,1.394288e+10
1,30,100,1.385189e+10
1,30,1,7.033628e+10
1,30,2,5.811086e+10
1,30,3,4.250138e+10
1,30,5,3.180126e+10
1,30,10,1.833874e+10
1,30,20,1.675642e+10
1,30,30,1.660568e+10
1,30,40,1.649367e+10
1,30,50,1.640208e+10
1,30,60,1.630287e+10
1,30,70,1.620234e+10
1,30,80,1.612742e+10
1,30,90,1.608345e+10
1,30,100,1.596875e+10
1,30,1,7.101263e+10
1,30,2,6.124293e+10
1,30,3,4.141624e+10
1,30,5,2.375053e+10
1,30,10,1.803902e+10
1,30,20,1.444850e+10
1,30,30,1.429042e+10
1,30,40,1.413477e+10
1,30,50,1.405042e+10
1,30,60,1.379341e+10
1,30,70,1.375102e+10
1,30,80,1.368164e+10
1,30,90,1.346093e+10
1,30,100,1.339265e+10
1,30,1,6.305391e+10
1,30,2,5.290148e+10
1,30,3,3.614737e+10
1,30,5,3.240728e+10
1,30,10,2.122213e+10
1,30,20,1.981397e+10
1,30,30,1.961238e+10
1,30,40,1.951115e+10
1,30,50,1.940421e+10
1,30,60,1.932899e+10
1,30,70,1.925604e+10
1,30,80,1.915714e+10
1,30,90,1.910181e+10
1,30,100,1.879556e+10
1,30,1,6.157156e+10
1,30,2,3.385992e+10
1,30,3,3.235510e+10
1,30,5,2.843338e+10
1,30,10,1.629913e+10
1,30,20,1.582126e+10
1,30,30,1.572400e+10
1,30,40,1.559970e+10
1,30,50,1.553480e+10
1,30,60,1.544090e+10
1,30,70,1.531450e+10
1,30,80,1.518803e+10
1,30,90,1.485140e+10
1,30,100,1.476980e+10
1,30,1,5.005663e+10
1,30,2,3.205469e+10
1,30,3,2.439332e+10
1,30,5,1.986966e+10
1,30,10,1.688846e+10
1,30,20,1.474470e+10
1,30,30,1.453120e+10
1,30,40,1.444506e+10
1,30,50,1.437331e+10
1,30,60,1.431670e+10
1,30,70,1.423004e+10
1,30,80,1.416486e+10
1,30,90,1.409479e+10
1,30,100,1.397696e+10
1,30,1,6.280780e+10
1,30,2,4.669110e+10
1,30,3,3.365245e+10
1,30,5,2.690958e+10
1,30,10,2.633217e+10
1,30,20,2.160293e+10
1,30,30,2.082273e+10
1,30,40,1.988136e+10
1,30,50,1.981439e+10
1,30,60,1.971332e+10
1,30,70,1.950218e+10
1,30,80,1.931291e+10
1,30,90,1.924346e+10
1,30,100,1.911595e+10
1,30,1,5.880604e+10
1,30,2,5.685183e+10
1,30,3,5.429808e+10
1,30,5,3.248431e+10
1,30,10,2.457423e+10
1,30,20,1.990492e+10
1,30,30,1.983593e+10
1,30,40,1.974242e+10
1,30,50,1.966893e+10
1,30,60,1.960469e+10
1,30,70,1.955145e+10
1,30,80,1.942554e+10
1,30,90,1.931707e+10
1,30,100,1.927014e+10
1,30,1,6.244716e+10
1,30,2,4.220392e+10
1,30,3,3.135958e+10
1,30,5,2.872320e+10
1,30,10,2.255993e+10
1,30,20,1.650513e+10
1,30,30,1.548378e+10
1,30,40,1.506853e+10
1,30,50,1.488614e+10
1,30,60,1.481291e+10
1,30,70,1.473022e+10
1,30,80,1.467235e+10
1,30,90,1.454035e+10
1,30,100,1.444496e+10
1,30,1,6.410667e+10
1,30,2,4.414472e+10
1,30,3,3.446646e+10
1,30,5,2.812964e+10
1,30,10,2.322448e+10
1,30,20,1.985368e+10
1,30,30,1.926693e+10
1,30,40,1.919205e+10
1,30,50,1.890814e+10
1,30,60,1.885164e+10
1,30,70,1.879927e+10
1,30,80,1.873526e+10
1,30,90,1.867827e+10
1,30,100,1.859819e+10
1,30,1,5.678394e+10
1,30,2,4.681108e+10
1,30,3,4.213929e+10
1,30,5,3.903401e+10
1,30,10,2.710868e+10
1,30,20,1.967723e+10
1,30,30,1.908038e+10
1,30,40,1.901648e+10
1,30,50,1.890836e+10
1,30,60,1.883981e+10
1,30,70,1.875397e+10
1,30,80,1.864157e+10
1,30,90,1.857086e+10
1,30,100,1.853229e+10
1,30,1,5.471976e+10
1,30,2,3.969438e+10
1,30,3,3.320317e+10
1,30,5,1.944818e+10
1,30,10,1.584311e+10
1,30,20,1.515620e+10
1,30,30,1.472662e+10
1,30,40,1.460514e+10
1,30,50,1.446512e+10
1,30,60,1.436724e+10
1,30,70,1.428548e+10
1,30,80,1.423071e+10
1,30,90,1.416364e+10
1,30,100,1.397586e+10
1,30,1,6.037399e+10
1,30,2,4.885098e+10
1,30,3,3.776161e+10
1,30,5,3.491103e+10
1,30,10,2.370633e+10
1,30,20,1.718412e+10
1,30,30,1.633062e+10
1,30,40,1.624566e+10
1,30,50,1.617120e+10
1,30,60,1.606587e+10
1,30,70,1.598288e+10
1,30,80,1.593164e+10
1,30,90,1.587156e+10
1,30,100,1.583206e+10
1,30,1,5.316062e+10
1,30,2,5.087551e+10
1,30,3,3.791054e+10
1,30,5,2.529991e+10
1,30,10,1.886029e+10
1,30,20,1.503785e+10
1,30,30,1.439862e+10
1,30,40,1.433335e+10
1,30,50,1.416756e+10
1,30,60,1.404318e+10
1,30,70,1.398381e+10
1,30,80,1.393658e+10
1,30,90,1.385053e+10
1,30,100,1.379572e+10
1,30,1,5.827192e+10
1,30,2,4.835398e+10
1,30,3,4.019619e+10
1,30,5,3.099270e+10
1,30,10,2.068556e+10
1,30,20,1.991601e+10
1,30,30,1.959551e+10
1,30,40,1.936384e+10
1,30,50,1.928555e+10
1,30,60,1.923112e+10
1,30,70,1.913384e+10
1,30,80,1.904436e+10
1,30,90,1.890831e+10
1,30,100,1.884544e+10
1,30,1,6.562372e+10
1,30,2,5.011411e+10
1,30,3,3.452531e+10
1,30,5,2.978081e+10
1,30,10,2.179482e+10
1,30,20,2.164595e+10
1,30,30,2.149178e+10
1,30,40,2.137288e+10
1,30,50,2.129857e+10
1,30,60,2.119040e+10
1,30,70,2.114700e+10
1,30,80,2.112305e+10
1,30,90,2.079798e+10
1,30,100,2.069866e+10
1,30,1,6.256703e+10
1,30,2,5.367746e+10
1,30,3,4.217027e+10
1,30,5,2.984250e+10
1,30,10,1.695658e+10
1,30,20,1.644633e+10
1,30,30,1.639940e+10
1,30,40,1.282312e+10
1,30,50,1.273640e+10
1,30,60,1.268939e+10
1,30,70,1.261473e+10
1,30,80,1.253136e+10
1,30,90,1.247831e+10
1,30,100,1.239467e+10
1,30,1,6.590442e+10
1,30,2,4.838467e+10
1,30,3,3.817432e+10
1,30,5,3.562644e+10
1,30,10,2.539693e+10
1,30,20,2.307006e+10
1,30,30,2.192390e+10
1,30,40,2.187465e+10
1,30,50,2.176596e+10
1,30,60,2.167955e+10
1,30,70,2.160223e+10
1,30,80,2.149576e+10
1,30,90,2.140975e+10
1,30,100,2.133458e+10
1,30,1,5.812015e+10
1,30,2,4.394953e+10
1,30,3,3.654653e+10
1,30,5,2.508640e+10
1,30,10,2.461589e+10
1,30,20,2.241166e+10
1,30,30,2.216035e+10
1,30,40,2.185907e+10
1,30,50,2.170421e+10
1,30,60,2.154714e+10
1,30,70,2.145810e+10
1,30,80,2.134174e+10
1,30,90,2.128460e+10
1,30,100,2.117838e+10
1,30,1,5.359487e+10
1,30,2,4.668843e+10
1,30,3,3.792063e+10
1,30,5,3.336811e+10
1,30,10,1.960186e+10
1,30,20,1.733091e+10
1,30,30,1.721787e+10
1,30,40,1.715089e+10
1,30,50,1.701306e+10
1,30,60,1.694654e+10
1,30,70,1.683422e+10
1,30,80,1.673201e+10
1,30,90,1.663630e+10
1,30,100,1.652916e+10
1,30,1,5.814990e+10
1,30,2,4.885729e+10
1,30,3,4.395118e+10
1,30,5,2.909485e+10
1,30,10,2.102351e+10
1,30,20,1.862394e+10
1,30,30,1.848469e+10
1,30,40,1.842065e+10
1,30,50,1.831638e+10
1,30,60,1.826872e+10
1,30,70,1.814624e+10
1,30,80,1.805922e+10
1,30,90,1.797610e+10
1,30,100,1.788910e+10
1,30,1,5.753898e+10
1,30,2,5.485859e+10
1,30,3,4.489429e+10
1,30,5,3.125820e+10
1,30,10,1.725160e+10
1,30,20,1.657334e+10
1,30,30,1.648728e+10
1,30,40,1.641765e+10
1,30,50,1.634454e+10
1,30,60,1.623417e+10
1,30,70,1.611824e+10
1,30,80,1.607458e+10
1,30,90,1.595186e+10
1,30,100,1.587226e+10
1,30,1,5.344417e+10
1,30,2,3.934425e+10
1,30,3,3.393144e+10
1,30,5,2.198815e+10
1,30,10,2.179793e+10
1,30,20,2.033910e+10
1,30,30,2.008103e+10
1,30,40,1.989068e+10
1,30,50,1.979750e+10
1,30,60,1.970034e+10
1,30,70,1.964261e+10
1,30,80,1.955219e+10
1,30,90,1.944572e+10
1,30,100,1.938830e+10
1,30,1,5.764014e+10
1,30,2,4.699960e+10
1,30,3,3.372604e+10
1,30,5,2.145242e+10
1,30,10,2.027982e+10
1,30,20,1.704626e+10
1,30,30,1.664913e+10
1,30,40,1.649539e+10
1,30,50,1.637241e+10
1,30,60,1.628492e+10
1,30,70,1.617291e+10
1,30,80,1.609642e+10
1,30,90,1.604605e+10
1,30,100,1.597368e+10
1,30,1,5.585565e+10
1,30,2,4.733189e+10
1,30,3,3.915026e+10
1,30,5,2.769148e+10
1,30,10,1.534959e+10
1,30,20,1.468202e+10
1,30,30,1.450627e+10
1,30,40,1.436824e+10
1,30,50,1.428236e+10
1,30,60,1.417587e+10
1,30,70,1.410470e+10
1,30,80,1.401739e+10
1,30,90,1.395317e+10
1,30,100,1.392021e+10
