funcid,dim,milestone,error
12,10,1,1.017223e+09
12,10,2,1.048618e+08
12,10,3,8.362429e+07
12,10,5,1.717310e+07
12,10,10,1.117096e+07
12,10,20,6.549046e+05
12,10,30,6.011601e+05
12,10,40,5.625399e+05
12,10,50,4.648021e+05
12,10,60,3.654664e+05
12,10,70,3.039483e+05
12,10,80,2.838583e+05
12,10,90,2.497711e+05
12,10,100,1.395353e+05
12,10,1,1.589103e+08
12,10,2,1.442581e+08
12,10,3,1.214872e+08
12,10,5,3.121152e+07
12,10,10,1.095638e+07
12,10,20,2.642570e+06
12,10,30,1.364448e+06
12,10,40,1.292128e+06
12,10,50,1.230833e+06
12,10,60,1.162845e+06
12,10,70,9.190906e+05
12,10,80,8.015302e+05
12,10,90,7.407530e+05
12,10,100,6.958133e+05
12,10,1,8.505039e+08
12,10,2,4.680741e+08
12,10,3,3.562086e+08
12,10,5,7.249740e+07
12,10,10,7.671175e+06
12,10,20,2.635708e+06
12,10,30,2.555339e+06
12,10,40,2.371226e+06
12,10,50,2.283880e+06
12,10,60,2.140262e+06
12,10,70,2.052011e+06
12,10,80,1.881529e+06
12,10,90,1.402774e+06
12,10,100,1.292018e+06
12,10,1,1.515275e+09
12,10,2,1.379989e+09
12,10,3,5.943571e+08
12,10,5,1.080972e+08
12,10,10,1.531084e+07
12,10,20,1.061737e+06
12,10,30,9.007807e+05
12,10,40,8.375327e+05
12,10,50,7.782607e+05
12,10,60,7.351220e+05
12,10,70,6.600682e+05
12,10,80,6.066105e+05
12,10,90,5.461529e+05
12,10,100,4.827130e+05
12,10,1,1.840753e+08
12,10,2,1.337772e+08
12,10,3,6.414379e+07
12,10,5,5.064099e+07
12,10,10,5.805424e+06
12,10,20,5.275131e+06
12,10,30,4.984153e+06
12,10,40,4.796021e+06
12,10,50,4.384645e+06
12,10,60,4.202580e+06
12,10,70,3.855658e+06
12,10,80,3.570965e+06
12,10,90,3.461096e+06
12,10,100,3.338148e+06
12,10,1,3.483012e+08
12,10,2,3.004931e+08
12,10,3,6.798715e+07
12,10,5,2.878151e+07
12,10,10,3.590658e+06
12,10,20,1.441442e+06
12,10,30,1.260124e+06
12,10,40,1.150604e+06
12,10,50,1.094233e+06
12,10,60,8.688417e+05
12,10,70,7.981772e+05
12,10,80,7.079233e+05
12,10,90,5.475318e+05
12,10,100,5.251861e+05
12,10,1,9.139041e+08
12,10,2,8.990597e+08
12,10,3,8.032502e+07
12,10,5,2.536091e+07
12,10,10,6.191183e+06
12,10,20,8.856575e+05
12,10,30,8.179305e+05
12,10,40,7.461562e+05
12,10,50,6.840007e+05
12,10,60,5.512141e+05
12,10,70,4.819428e+05
12,10,80,4.537344e+05
12,10,90,3.495204e+05
12,10,100,3.391319e+05
12,10,1,4.190083e+08
12,10,2,4.190083e+08
12,10,3,2.124193e+08
12,10,5,7.866686e+07
12,10,10,2.237330e+07
12,10,20,2.941879e+06
12,10,30,6.114253e+05
12,10,40,5.475165e+05
12,10,50,4.132436e+05
12,10,60,3.977724e+05
12,10,70,3.502804e+05
12,10,80,3.080934e+05
12,10,90,2.783496e+05
12,10,100,2.606196e+05
12,10,1,2.118322e+08
12,10,2,2.027285e+08
12,10,3,1.811187e+08
12,10,5,1.113568e+08
12,10,10,8.371825e+06
12,10,20,5.180557e+06
12,10,30,4.905838e+06
12,10,40,4.771843e+06
12,10,50,4.687380e+06
12,10,60,4.607541e+06
12,10,70,4.519713e+06
12,10,80,4.443511e+06
12,10,90,4.360472e+06
12,10,100,4.224837e+06
12,10,1,1.199522e+09
12,10,2,1.166745e+09
12,10,3,8.440183e+08
12,10,5,5.252835e+07
12,10,10,9.008521e+06
12,10,20,2.669740e+06
12,10,30,2.567396e+06
12,10,40,2.454886e+06
12,10,50,2.327097e+06
12,10,60,2.258962e+06
12,10,70,2.195462e+06
12,10,80,2.101334e+06
12,10,90,2.069322e+06
12,10,100,2.065343e+06
12,10,1,1.446720e+09
12,10,2,1.426269e+09
12,10,3,2.612920e+08
12,10,5,1.678690e+08
12,10,10,2.405599e+07
12,10,20,6.889696e+06
12,10,30,5.982903e+06
12,10,40,1.366501e+06
12,10,50,1.226321e+06
12,10,60,1.177318e+06
12,10,70,1.021549e+06
12,10,80,8.770329e+05
12,10,90,7.971380e+05
12,10,100,7.148496e+05
12,10,1,9.013597e+08
12,10,2,5.175532e+08
12,10,3,2.857038e+07
12,10,5,2.302197e+07
12,10,10,1.121263e+07
12,10,20,1.371207e+06
12,10,30,8.938672e+05
12,10,40,8.598007e+05
12,10,50,8.288346e+05
12,10,60,8.228247e+05
12,10,70,8.081789e+05
12,10,80,7.930696e+05
12,10,90,7.718974e+05
12,10,100,7.581264e+05
12,10,1,4.711683e+08
12,10,2,1.589838e+08
12,10,3,1.588199e+08
12,10,5,1.274356e+08
12,10,10,1.040490e+07
12,10,20,6.878127e+06
12,10,30,2.497576e+06
12,10,40,2.288616e+06
12,10,50,2.160929e+06
12,10,60,1.657202e+06
12,10,70,1.557652e+06
12,10,80,1.508058e+06
12,10,90,1.351944e+06
12,10,100,1.329314e+06
12,10,1,4.099109e+08
12,10,2,4.001626e+08
12,10,3,4.084956e+07
12,10,5,2.590153e+07
12,10,10,1.692749e+07
12,10,20,7.387586e+05
12,10,30,4.544938e+05
12,10,40,3.607469e+05
12,10,50,3.428457e+05
12,10,60,3.379940e+05
12,10,70,3.117392e+05
12,10,80,2.876346e+05
12,10,90,2.850757e+05
12,10,100,2.676967e+05
12,10,1,9.618572e+08
12,10,2,9.193328e+08
12,10,3,4.092999e+08
12,10,5,6.458478e+07
12,10,10,9.818087e+06
12,10,20,5.901208e+06
12,10,30,5.030462e+06
12,10,40,4.617390e+06
12,10,50,4.246231e+06
12,10,60,4.071479e+06
12,10,70,3.396151e+06
12,10,80,2.376799e+06
12,10,90,2.091564e+06
12,10,100,1.924506e+06
12,10,1,4.132824e+08
12,10,2,3.352309e+08
12,10,3,2.316163e+08
12,10,5,2.004392e+07
12,10,10,1.107764e+07
12,10,20,1.404718e+06
12,10,30,1.311215e+06
12,10,40,1.271330e+06
12,10,50,1.262539e+06
12,10,60,1.256310e+06
12,10,70,1.248235e+06
12,10,80,1.243188e+06
12,10,90,1.242161e+06
12,10,100,1.232864e+06
12,10,1,1.003093e+08
12,10,2,9.963873e+07
12,10,3,5.350095e+07
12,10,5,5.334721e+07
12,10,10,1.357743e+07
12,10,20,5.450217e+06
12,10,30,4.882374e+06
12,10,40,4.683386e+06
12,10,50,4.441210e+06
12,10,60,2.471950e+06
12,10,70,2.436085e+06
12,10,80,2.159572e+06
12,10,90,2.004601e+06
12,10,100,1.855859e+06
12,10,1,6.531291e+08
12,10,2,2.481083e+08
12,10,3,1.183121e+08
12,10,5,1.121439e+08
12,10,10,2.246281e+07
12,10,20,6.837740e+06
12,10,30,5.594616e+06
12,10,40,5.385481e+06
12,10,50,5.016533e+06
12,10,60,4.792594e+06
12,10,70,4.662292e+06
12,10,80,4.269722e+06
12,10,90,4.165309e+06
12,10,100,3.745511e+06
12,10,1,3.097628e+08
12,10,2,3.013389e+08
12,10,3,2.957721e+08
12,10,5,1.151774e+08
12,10,10,3.173610e+06
12,10,20,3.125889e+06
12,10,30,1.073850e+06
12,10,40,1.024478e+06
12,10,50,8.314035e+05
12,10,60,7.200472e+05
12,10,70,6.762128e+05
12,10,80,6.230459e+05
12,10,90,4.032662e+05
12,10,100,3.938680e+05
12,10,1,9.371384e+08
12,10,2,4.557399e+08
12,10,3,2.029385e+08
12,10,5,6.801453e+07
12,10,10,2.122388e+07
12,10,20,5.018209e+06
12,10,30,4.495020e+06
12,10,40,4.275864e+06
12,10,50,3.953377e+06
12,10,60,3.863369e+06
12,10,70,3.683009e+06
12,10,80,3.528818e+06
12,10,90,3.343242e+06
12,10,100,3.197638e+06
12,10,1,3.783888e+08
12,10,2,3.660651e+08
12,10,3,2.885312e+08
12,10,5,5.720528e+07
12,10,10,2.621619e+06
12,10,20,2.510641e+06
12,10,30,2.391419e+06
12,10,40,8.914239e+05
12,10,50,8.338066e+05
12,10,60,7.778508e+05
12,10,70,7.146767e+05
12,10,80,6.792402e+05
12,10,90,6.528864e+05
12,10,100,5.851623e+05
12,10,1,2.692230e+08
12,10,2,2.498226e+08
12,10,3,2.300957e+08
12,10,5,4.038235e+07
12,10,10,1.324714e+07
12,10,20,3.065937e+06
12,10,30,2.186623e+06
12,10,40,2.000740e+06
12,10,50,1.388045e+06
12,10,60,1.282850e+06
12,10,70,1.094078e+06
12,10,80,9.384355e+05
12,10,90,8.043428e+05
12,10,100,6.733342e+05
12,10,1,7.718730e+08
12,10,2,6.922074e+08
12,10,3,5.872611e+08
12,10,5,9.529187e+07
12,10,10,1.340725e+07
12,10,20,3.301989e+06
12,10,30,3.132024e+06
12,10,40,3.055435e+06
12,10,50,2.956070e+06
12,10,60,2.865839e+06
12,10,70,2.729735e+06
12,10,80,2.501842e+06
12,10,90,2.447621e+06
12,10,100,2.347079e+06
12,10,1,1.004869e+09
12,10,2,1.003118e+09
12,10,3,1.078971e+08
12,10,5,2.682605e+07
12,10,10,1.505500e+07
12,10,20,2.746044e+06
12,10,30,2.325702e+06
12,10,40,2.227363e+06
12,10,50,2.095149e+06
12,10,60,1.803299e+06
12,10,70,1.636335e+06
12,10,80,1.541160e+06
12,10,90,1.350077e+06
12,10,100,9.012237e+05
12,10,1,1.206370e+09
12,10,2,7.257112e+08
12,10,3,3.713701e+08
12,10,5,4.968490e+07
12,10,10,2.217823e+07
12,10,20,6.371823e+06
12,10,30,5.037382e+06
12,10,40,4.066910e+06
12,10,50,2.968355e+06
12,10,60,2.750449e+06
12,10,70,2.695909e+06
12,10,80,2.625012e+06
12,10,90,2.197783e+06
12,10,100,2.162092e+06
12,10,1,2.000231e+08
12,10,2,1.935817e+08
12,10,3,1.792357e+08
12,10,5,1.038348e+08
12,10,10,2.000338e+06
12,10,20,1.020560e+06
12,10,30,8.491539e+05
12,10,40,6.877103e+05
12,10,50,5.429562e+05
12,10,60,4.798410e+05
12,10,70,4.276490e+05
12,10,80,3.588716e+05
12,10,90,2.861881e+05
12,10,100,2.234970e+05
12,10,1,9.584342e+08
12,10,2,6.995894e+08
12,10,3,3.442613e+08
12,10,5,4.548581e+07
12,10,10,7.223355e+06
12,10,20,6.654142e+06
12,10,30,3.398396e+06
12,10,40,2.577141e+06
12,10,50,2.353211e+06
12,10,60,1.832186e+06
12,10,70,1.765033e+06
12,10,80,1.664284e+06
12,10,90,1.612907e+06
12,10,100,1.518764e+06
12,10,1,9.263890e+08
12,10,2,9.013098e+08
12,10,3,2.196784e+08
12,10,5,4.610410e+07
12,10,10,1.881226e+07
12,10,20,3.367831e+06
12,10,30,2.526790e+06
12,10,40,2.467390e+06
12,10,50,2.342870e+06
12,10,60,2.233100e+06
12,10,70,2.165001e+06
12,10,80,2.019456e+06
12,10,90,1.974285e+06
12,10,100,1.816737e+06
12,10,1,8.098711e+08
12,10,2,7.985771e+08
12,10,3,5.872599e+08
12,10,5,3.552736e+07
12,10,10,1.562072e+07
12,10,20,1.506024e+06
12,10,30,1.379602e+06
12,10,40,9.122785e+05
12,10,50,8.603054e+05
12,10,60,8.107448e+05
12,10,70,7.400436e+05
12,10,80,6.716785e+05
12,10,90,6.204666e+05
12,10,100,6.008110e+05
12,10,1,4.264711e+08
12,10,2,4.127512e+08
12,10,3,2.967169e+08
12,10,5,8.556799e+07
12,10,10,3.019759e+06
12,10,20,1.482871e+06
12,10,30,9.083576e+05
12,10,40,6.901445e+05
12,10,50,6.105793e+05
12,10,60,5.582903e+05
12,10,70,5.313658e+05
12,10,80,4.819666e+05
12,10,90,4.389175e+05
12,10,100,4.238167e+05
12,10,1,1.547237e+09
12,10,2,1.316839e+09
12,10,3,2.050156e+08
12,10,5,7.861991e+07
12,10,10,6.384601e+06
12,10,20,5.926344e+06
12,10,30,1.483954e+06
12,10,40,1.255327e+06
12,10,50,1.137836e+06
12,10,60,1.037829e+06
12,10,70,9.737957e+05
12,10,80,8.507608e+05
12,10,90,7.351104e+05
12,10,100,7.084293e+05
