funcid,dim,milestone,error
13,10,1,1.332013e+07
13,10,2,1.329093e+07
13,10,3,2.799261e+06
13,10,5,9.953797e+05
13,10,10,4.164057e+04
13,10,20,1.392183e+04
13,10,30,8.099801e+03
13,10,40,9.121066e+02
13,10,50,8.004661e+02
13,10,60,7.999573e+02
13,10,70,7.999573e+02
13,10,80,7.987971e+02
13,10,90,7.987971e+02
13,10,100,7.983316e+02
13,10,1,1.066396e+08
13,10,2,8.493525e+07
13,10,3,3.896538e+07
13,10,5,9.908830e+06
13,10,10,3.964263e+03
13,10,20,3.607424e+03
13,10,30,3.557142e+03
13,10,40,3.543523e+03
13,10,50,3.543369e+03
13,10,60,1.811830e+03
13,10,70,7.395115e+02
13,10,80,6.988626e+02
13,10,90,6.931517e+02
13,10,100,6.923719e+02
13,10,1,5.133882e+07
13,10,2,3.752080e+07
13,10,3,1.044489e+07
13,10,5,1.289396e+06
13,10,10,1.381206e+04
13,10,20,8.484329e+03
13,10,30,7.317662e+03
13,10,40,7.317538e+03
13,10,50,6.815779e+03
13,10,60,6.765250e+03
13,10,70,6.765250e+03
13,10,80,6.764379e+03
13,10,90,6.764378e+03
13,10,100,6.764378e+03
13,10,1,6.402888e+07
13,10,2,1.581376e+07
13,10,3,1.579053e+07
13,10,5,4.532780e+05
13,10,10,5.750206e+04
13,10,20,4.587051e+04
13,10,30,2.066533e+04
13,10,40,2.032450e+04
13,10,50,2.030612e+04
13,10,60,2.030612e+04
13,10,70,1.401972e+04
13,10,80,9.068861e+03
13,10,90,8.318117e+03
13,10,100,5.552259e+03
13,10,1,8.858972e+07
13,10,2,8.745341e+07
13,10,3,8.745334e+07
13,10,5,3.738580e+06
13,10,10,9.825883e+03
13,10,20,8.989713e+03
13,10,30,8.706802e+03
13,10,40,8.706418e+03
13,10,50,8.693934e+03
13,10,60,8.693743e+03
13,10,70,8.693743e+03
13,10,80,8.693637e+03
13,10,90,8.693633e+03
13,10,100,8.693633e+03
13,10,1,2.386565e+07
13,10,2,5.519968e+06
13,10,3,5.223422e+06
13,10,5,4.678418e+06
13,10,10,8.895630e+05
13,10,20,1.143525e+04
13,10,30,6.877457e+03
13,10,40,6.240644e+03
13,10,50,1.402916e+03
13,10,60,1.367488e+03
13,10,70,1.366404e+03
13,10,80,1.366403e+03
13,10,90,1.366402e+03
13,10,100,1.366402e+03
13,10,1,2.372841e+07
13,10,2,6.605707e+06
13,10,3,5.083519e+06
13,10,5,1.043548e+06
13,10,10,2.707150e+04
13,10,20,1.482271e+04
13,10,30,6.984105e+03
13,10,40,3.262144e+03
13,10,50,3.197070e+03
13,10,60,3.150484e+03
13,10,70,3.150439e+03
13,10,80,3.149011e+03
13,10,90,3.148325e+03
13,10,100,3.148325e+03
13,10,1,3.671431e+07
13,10,2,8.211649e+06
13,10,3,8.211574e+06
13,10,5,5.893563e+06
13,10,10,4.697893e+05
13,10,20,9.661441e+03
13,10,30,2.039501e+03
13,10,40,1.240447e+03
13,10,50,1.225619e+03
13,10,60,1.225049e+03
13,10,70,1.225042e+03
13,10,80,1.225042e+03
13,10,90,1.225042e+03
13,10,100,6.867538e+02
13,10,1,2.294150e+08
13,10,2,1.380812e+08
13,10,3,3.188019e+06
13,10,5,2.174413e+06
13,10,10,3.383716e+05
13,10,20,1.709305e+04
13,10,30,1.632532e+04
13,10,40,1.102018e+04
13,10,50,1.081486e+04
13,10,60,8.917536e+03
13,10,70,8.907667e+03
13,10,80,8.907666e+03
13,10,90,8.907661e+03
13,10,100,8.907661e+03
13,10,1,7.695119e+05
13,10,2,4.168640e+05
13,10,3,4.045266e+05
13,10,5,3.642652e+05
13,10,10,9.100110e+04
13,10,20,3.241712e+04
13,10,30,3.032119e+04
13,10,40,3.032067e+04
13,10,50,8.631821e+03
13,10,60,6.433322e+03
13,10,70,3.623417e+03
13,10,80,3.429425e+03
13,10,90,3.429418e+03
13,10,100,3.429418e+03
13,10,1,7.590810e+06
13,10,2,2.520090e+06
13,10,3,2.036586e+06
13,10,5,1.014540e+06
13,10,10,8.724766e+04
13,10,20,1.215930e+04
13,10,30,3.081418e+03
13,10,40,2.965665e+03
13,10,50,2.963717e+03
13,10,60,2.963632e+03
13,10,70,2.959939e+03
13,10,80,2.959684e+03
13,10,90,2.958846e+03
13,10,100,2.958284e+03
13,10,1,1.545662e+08
13,10,2,1.074050e+08
13,10,3,6.944499e+06
13,10,5,5.727615e+06
13,10,10,1.208287e+06
13,10,20,2.054647e+04
13,10,30,1.802286e+04
13,10,40,1.696239e+04
13,10,50,1.075008e+04
13,10,60,1.074718e+04
13,10,70,1.074718e+04
13,10,80,1.074520e+04
13,10,90,1.074366e+04
13,10,100,1.074366e+04
13,10,1,3.844934e+07
13,10,2,3.805348e+07
13,10,3,3.941470e+06
13,10,5,1.325672e+06
13,10,10,2.431436e+04
13,10,20,1.571738e+04
13,10,30,1.178602e+04
13,10,40,8.976987e+03
13,10,50,7.239099e+02
13,10,60,6.117781e+02
13,10,70,6.117781e+02
13,10,80,6.116929e+02
13,10,90,6.116929e+02
13,10,100,6.116552e+02
13,10,1,4.266061e+06
13,10,2,4.266061e+06
13,10,3,4.208011e+06
13,10,5,7.521624e+05
13,10,10,1.745459e+04
13,10,20,7.781998e+03
13,10,30,6.381947e+03
13,10,40,6.381154e+03
13,10,50,6.319061e+03
13,10,60,6.301372e+03
13,10,70,6.285154e+03
13,10,80,6.285154e+03
13,10,90,6.285154e+03
13,10,100,6.285154e+03
13,10,1,9.234646e+07
13,10,2,1.514394e+07
13,10,3,3.994365e+06
13,10,5,3.979015e+06
13,10,10,1.095198e+06
13,10,20,3.700456e+04
13,10,30,1.414064e+04
13,10,40,1.410990e+04
13,10,50,6.008236e+03
13,10,60,6.000345e+03
13,10,70,6.000345e+03
13,10,80,6.000345e+03
13,10,90,5.999237e+03
13,10,100,5.999107e+03
13,10,1,1.734734e+07
13,10,2,1.710794e+07
13,10,3,1.710771e+07
13,10,5,4.297562e+06
13,10,10,1.673308e+05
13,10,20,1.211698e+04
13,10,30,1.179971e+04
13,10,40,1.179911e+04
13,10,50,1.179525e+04
13,10,60,1.179318e+04
13,10,70,6.630970e+03
13,10,80,5.752612e+03
13,10,90,2.103040e+03
13,10,100,1.175118e+03
13,10,1,5.773477e+06
13,10,2,3.845884e+06
13,10,3,2.937205e+06
13,10,5,8.245320e+05
13,10,10,5.422561e+04
13,10,20,3.446538e+04
13,10,30,2.596840e+04
13,10,40,2.087628e+04
13,10,50,1.535733e+04
13,10,60,7.165325e+03
13,10,70,5.740726e+03
13,10,80,5.710204e+03
13,10,90,4.880672e+03
13,10,100,3.475206e+03
13,10,1,1.590526e+06
13,10,2,9.790965e+05
13,10,3,3.878985e+05
13,10,5,2.025486e+05
13,10,10,1.242649e+05
13,10,20,1.601512e+04
13,10,30,9.555890e+03
13,10,40,9.017378e+03
13,10,50,8.992022e+03
13,10,60,8.984358e+03
13,10,70,8.984358e+03
13,10,80,4.867313e+03
13,10,90,2.326357e+03
13,10,100,2.189762e+03
13,10,1,3.226273e+04
13,10,2,3.155100e+04
13,10,3,3.145212e+04
13,10,5,8.975725e+03
13,10,10,5.793797e+03
13,10,20,5.265709e+03
13,10,30,2.690645e+03
13,10,40,1.809795e+03
13,10,50,1.753318e+03
13,10,60,1.748887e+03
13,10,70,1.748887e+03
13,10,80,1.748887e+03
13,10,90,1.748887e+03
13,10,100,1.748882e+03
13,10,1,8.259741e+07
13,10,2,1.041944e+07
13,10,3,6.381378e+06
13,10,5,1.456379e+06
13,10,10,1.192991e+04
13,10,20,8.092665e+03
13,10,30,6.610947e+03
13,10,40,6.544456e+03
13,10,50,6.095721e+03
13,10,60,6.081466e+03
13,10,70,7.455330e+02
13,10,80,3.479028e+02
13,10,90,3.465195e+02
13,10,100,3.454661e+02
13,10,1,9.437057e+06
13,10,2,6.416003e+06
13,10,3,3.200392e+06
13,10,5,7.270707e+05
13,10,10,5.296303e+04
13,10,20,5.610508e+03
13,10,30,5.550461e+03
13,10,40,5.545368e+03
13,10,50,5.538231e+03
13,10,60,5.536153e+03
13,10,70,5.533661e+03
13,10,80,5.530537e+03
13,10,90,5.530537e+03
13,10,100,5.530537e+03
13,10,1,1.705852e+07
13,10,2,4.157666e+05
13,10,3,4.101128e+05
13,10,5,3.107977e+05
13,10,10,2.354230e+04
13,10,20,2.168570e+04
13,10,30,1.887193e+04
13,10,40,1.493618e+04
13,10,50,1.343315e+04
13,10,60,1.154071e+04
13,10,70,9.334199e+03
13,10,80,2.339893e+03
13,10,90,7.677606e+02
13,10,100,6.577538e+02
13,10,1,1.087007e+08
13,10,2,7.061283e+07
13,10,3,1.994666e+07
13,10,5,2.472876e+06
13,10,10,1.947527e+05
13,10,20,1.760647e+04
13,10,30,1.300988e+04
13,10,40,9.820110e+03
13,10,50,6.872963e+03
13,10,60,6.018016e+03
13,10,70,6.001840e+03
13,10,80,6.000137e+03
13,10,90,5.999846e+03
13,10,100,5.998824e+03
13,10,1,2.193087e+07
13,10,2,2.123186e+07
13,10,3,1.906568e+07
13,10,5,5.044902e+05
13,10,10,6.990688e+04
13,10,20,6.500659e+03
13,10,30,5.994105e+03
13,10,40,5.993916e+03
13,10,50,5.991401e+03
13,10,60,5.991401e+03
13,10,70,5.991401e+03
13,10,80,5.991401e+03
13,10,90,5.990810e+03
13,10,100,5.990810e+03
13,10,1,2.954721e+06
13,10,2,2.900561e+06
13,10,3,2.876873e+06
13,10,5,7.694213e+04
13,10,10,6.672641e+04
13,10,20,1.405587e+04
13,10,30,7.952265e+03
13,10,40,6.487696e+03
13,10,50,5.744266e+03
13,10,60,5.741957e+03
13,10,70,4.674921e+03
13,10,80,4.173122e+03
13,10,90,4.124646e+03
13,10,100,4.120684e+03
13,10,1,1.898069e+07
13,10,2,1.769351e+07
13,10,3,1.842399e+06
13,10,5,6.366982e+05
13,10,10,1.904246e+04
13,10,20,1.118756e+04
13,10,30,8.988578e+03
13,10,40,7.889779e+03
13,10,50,7.382785e+03
13,10,60,7.381691e+03
13,10,70,7.381577e+03
13,10,80,7.381577e+03
13,10,90,7.381577e+03
13,10,100,7.381577e+03
13,10,1,1.149023e+07
13,10,2,1.143609e+07
13,10,3,8.736148e+05
13,10,5,4.067743e+05
13,10,10,2.598263e+04
13,10,20,1.989963e+04
13,10,30,1.762734e+04
13,10,40,1.543756e+04
13,10,50,1.030502e+04
13,10,60,1.007116e+04
13,10,70,1.005919e+04
13,10,80,7.141522e+03
13,10,90,3.624258e+03
13,10,100,1.811946e+03
13,10,1,4.687809e+07
13,10,2,1.164953e+07
13,10,3,7.503640e+06
13,10,5,4.522082e+06
13,10,10,8.019208e+04
13,10,20,2.889972e+04
13,10,30,2.347985e+04
13,10,40,2.061916e+04
13,10,50,1.265963e+04
13,10,60,1.221120e+04
13,10,70,3.185407e+03
13,10,80,2.192092e+03
13,10,90,2.155995e+03
13,10,100,2.150460e+03
13,10,1,3.237150e+07
13,10,2,1.373117e+06
13,10,3,1.321446e+06
13,10,5,8.080192e+05
13,10,10,3.802573e+05
13,10,20,2.857485e+05
13,10,30,1.187840e+04
13,10,40,9.974761e+02
13,10,50,9.955213e+02
13,10,60,9.924346e+02
13,10,70,9.924267e+02
13,10,80,9.924012e+02
13,10,90,9.924012e+02
13,10,100,9.924009e+02
13,10,1,8.291054e+06
13,10,2,2.580642e+06
13,10,3,2.164163e+06
13,10,5,3.846652e+05
13,10,10,3.417179e+05
13,10,20,2.752967e+04
13,10,30,2.247497e+04
13,10,40,6.909383e+03
13,10,50,6.685854e+03
13,10,60,6.684215e+03
13,10,70,6.459623e+03
13,10,80,6.454552e+03
13,10,90,6.447153e+03
13,10,100,6.446654e+03
13,10,1,2.203369e+07
13,10,2,1.510792e+07
13,10,3,1.012813e+07
13,10,5,3.045211e+06
13,10,10,2.231475e+05
13,10,20,3.853463e+04
13,10,30,2.408936e+04
13,10,40,2.251761e+04
13,10,50,7.074200e+03
13,10,60,7.058206e+03
13,10,70,4.263983e+03
13,10,80,1.078271e+03
13,10,90,7.508031e+02
13,10,100,7.499541e+02
