funcid,dim,milestone,error
8,30,1,3.380577e+02
8,30,2,2.945941e+02
8,30,3,2.867825e+02
8,30,5,2.731023e+02
8,30,10,2.356773e+02
8,30,20,2.317657e+02
8,30,30,2.262338e+02
8,30,40,2.239443e+02
8,30,50,2.219158e+02
8,30,60,2.200529e+02
8,30,70,2.175808e+02
8,30,80,2.151106e+02
8,30,90,2.131602e+02
8,30,100,2.119184e+02
8,30,1,3.365406e+02
8,30,2,3.197504e+02
8,30,3,2.890370e+02
8,30,5,2.389480e+02
8,30,10,2.314726e+02
8,30,20,2.270873e+02
8,30,30,2.240807e+02
8,30,40,2.212709e+02
8,30,50,2.192683e+02
8,30,60,2.152147e+02
8,30,70,2.129823e+02
8,30,80,2.107256e+02
8,30,90,2.078845e+02
8,30,100,2.048697e+02
8,30,1,3.494129e+02
8,30,2,3.280988e+02
8,30,3,3.065353e+02
8,30,5,2.762579e+02
8,30,10,2.633193e+02
8,30,20,2.593845e+02
8,30,30,2.498585e+02
8,30,40,2.425611e+02
8,30,50,2.388537e+02
8,30,60,2.338306e+02
8,30,70,2.314357e+02
8,30,80,2.276135e+02
8,30,90,2.261858e+02
8,30,100,2.234768e+02
8,30,1,3.474841e+02
8,30,2,3.249580e+02
8,30,3,3.068908e+02
8,30,5,2.727502e+02
8,30,10,2.618006e+02
8,30,20,2.431940e+02
8,30,30,2.382931e+02
8,30,40,2.351080e+02
8,30,50,2.319108e+02
8,30,60,2.275141e+02
8,30,70,2.240669e+02
8,30,80,2.187555e+02
8,30,90,2.152187e+02
8,30,100,2.105524e+02
8,30,1,3.835922e+02
8,30,2,3.393810e+02
8,30,3,3.343877e+02
8,30,5,2.956875e+02
8,30,10,2.480316e+02
8,30,20,2.315069e+02
8,30,30,2.258615e+02
8,30,40,2.240120e+02
8,30,50,2.225915e+02
8,30,60,2.209848e+02
8,30,70,2.191183e+02
8,30,80,2.174093e+02
8,30,90,2.159648e+02
8,30,100,2.138135e+02
8,30,1,3.485307e+02
8,30,2,3.367626e+02
8,30,3,2.745432e+02
8,30,5,2.456963e+02
8,30,10,2.214678e+02
8,30,20,2.154009e+02
8,30,30,2.139056e+02
8,30,40,2.114239e+02
8,30,50,2.086665e+02
8,30,60,2.069384e+02
8,30,70,2.053112e+02
8,30,80,2.024453e+02
8,30,90,2.010559e+02
8,30,100,1.980774e+02
8,30,1,3.829233e+02
8,30,2,3.386789e+02
8,30,3,3.162711e+02
8,30,5,2.720265e+02
8,30,10,2.427034e+02
8,30,20,2.140094e+02
8,30,30,2.106970e+02
8,30,40,2.075091e+02
8,30,50,2.059783e+02
8,30,60,2.031269e+02
8,30,70,2.020402e+02
8,30,80,1.982465e+02
8,30,90,1.949778e+02
8,30,100,1.932986e+02
8,30,1,3.674546e+02
8,30,2,3.039998e+02
8,30,3,2.746054e+02
8,30,5,2.278782e+02
8,30,10,2.047158e+02
8,30,20,2.027760e+02
8,30,30,1.990310e+02
8,30,40,1.966804e+02
8,30,50,1.939181e+02
8,30,60,1.924071e+02
8,30,70,1.906325e+02
8,30,80,1.891037e+02
8,30,90,1.852994e+02
8,30,100,1.825819e+02
8,30,1,3.622778e+02
8,30,2,3.290479e+02
8,30,3,3.075777e+02
8,30,5,2.675024e+02
8,30,10,2.241111e+02
8,30,20,2.172209e+02
8,30,30,2.130931e+02
8,30,40,2.104392e+02
8,30,50,2.079902e+02
8,30,60,2.051686e+02
8,30,70,2.024882e+02
8,30,80,1.992888e+02
8,30,90,1.968129e+02
8,30,100,1.948743e+02
8,30,1,3.718535e+02
8,30,2,3.190364e+02
8,30,3,2.879263e+02
8,30,5,2.706214e+02
8,30,10,2.473821e+02
8,30,20,2.064067e+02
8,30,30,2.044462e+02
8,30,40,2.024293e+02
8,30,50,2.003109e+02
8,30,60,1.985008e+02
8,30,70,1.951394e+02
8,30,80,1.932100e+02
8,30,90,1.900071e+02
8,30,100,1.882445e+02
8,30,1,3.645782e+02
8,30,2,3.189098e+02
8,30,3,3.026525e+02
8,30,5,2.764730e+02
8,30,10,2.355787e+02
8,30,20,2.205757e+02
8,30,30,2.167473e+02
8,30,40,2.141301e+02
8,30,50,2.109857e+02
8,30,60,2.086772e+02
8,30,70,2.074264e+02
8,30,80,2.059165e+02
8,30,90,2.037905e+02
8,30,100,2.007970e+02
8,30,1,3.669123e+02
8,30,2,3.341868e+02
8,30,3,3.283512e+02
8,30,5,2.925750e+02
8,30,10,2.602978e+02
8,30,20,2.320647e+02
8,30,30,2.239617e+02
8,30,40,2.214817e+02
8,30,50,2.172646e+02
8,30,60,2.149087e+02
8,30,70,2.122663e+02
8,30,80,2.093288e+02
8,30,90,2.050239e+02
8,30,100,2.006025e+02
8,30,1,3.731847e+02
8,30,2,3.309486e+02
8,30,3,3.144922e+02
8,30,5,2.761965e+02
8,30,10,2.594453e+02
8,30,20,2.421502e+02
8,30,30,2.241868e+02
8,30,40,2.215462e+02
8,30,50,2.198421e+02
8,30,60,2.166237e+02
8,30,70,2.148980e+02
8,30,80,2.117917e+02
8,30,90,2.097101e+02
8,30,100,2.061033e+02
8,30,1,3.375009e+02
8,30,2,2.978426e+02
8,30,3,2.725342e+02
8,30,5,2.582941e+02
8,30,10,2.282295e+02
8,30,20,2.160637e+02
8,30,30,2.126902e+02
8,30,40,2.088550e+02
8,30,50,2.068069e+02
8,30,60,2.047516e+02
8,30,70,2.006659e+02
8,30,80,1.957954e+02
8,30,90,1.936593e+02
8,30,100,1.911420e+02
8,30,1,3.806368e+02
8,30,2,3.289270e+02
8,30,3,3.037005e+02
8,30,5,2.683636e+02
8,30,10,2.551568e+02
8,30,20,2.416741e+02
8,30,30,2.363122e+02
8,30,40,2.286987e+02
8,30,50,2.251274e+02
8,30,60,2.226750e+02
8,30,70,2.175439e+02
8,30,80,2.160889e+02
8,30,90,2.127048e+02
8,30,100,2.094259e+02
8,30,1,3.783967e+02
8,30,2,3.274747e+02
8,30,3,3.087605e+02
8,30,5,2.422585e+02
8,30,10,1.919213e+02
8,30,20,1.881273e+02
8,30,30,1.850271e+02
8,30,40,1.825587e+02
8,30,50,1.807165e+02
8,30,60,1.783107e+02
8,30,70,1.765823e+02
8,30,80,1.748877e+02
8,30,90,1.718314e+02
8,30,100,1.699545e+02
8,30,1,3.618809e+02
8,30,2,3.231751e+02
8,30,3,3.021513e+02
8,30,5,2.717450e+02
8,30,10,2.470459e+02
8,30,20,2.413688e+02
8,30,30,2.358441e+02
8,30,40,2.330510e+02
8,30,50,2.252899e+02
8,30,60,2.218183e+02
8,30,70,2.192976e+02
8,30,80,2.167487e+02
8,30,90,2.135920e+02
8,30,100,2.120671e+02
8,30,1,3.630519e+02
8,30,2,3.319388e+02
8,30,3,3.191905e+02
8,30,5,2.912726e+02
8,30,10,2.463495e+02
8,30,20,2.380888e+02
8,30,30,2.335632e+02
8,30,40,2.282395e+02
8,30,50,2.250764e+02
8,30,60,2.219497e+02
8,30,70,2.186513e+02
8,30,80,2.166497e+02
8,30,90,2.128156e+02
8,30,100,2.105838e+02
8,30,1,3.505890e+02
8,30,2,3.116990e+02
8,30,3,2.824207e+02
8,30,5,2.607018e+02
8,30,10,2.359992e+02
8,30,20,2.286294e+02
8,30,30,2.237104e+02
8,30,40,2.218009e+02
8,30,50,2.189586e+02
8,30,60,2.150755e+02
8,30,70,2.109837e+02
8,30,80,2.083146e+02
8,30,90,2.066946e+02
8,30,100,2.033414e+02
8,30,1,3.617966e+02
8,30,2,3.123588e+02
8,30,3,2.891615e+02
8,30,5,2.721920e+02
8,30,10,2.331906e+02
8,30,20,2.051074e+02
8,30,30,2.001188e+02
8,30,40,1.986208e+02
8,30,50,1.960637e+02
8,30,60,1.919631e+02
8,30,70,1.896794e+02
8,30,80,1.875807e+02
8,30,90,1.814910e+02
8,30,100,1.791313e+02
8,30,1,3.683856e+02
8,30,2,3.363007e+02
8,30,3,2.552976e+02
8,30,5,2.309663e+02
8,30,10,2.210479e+02
8,30,20,2.137081e+02
8,30,30,2.069453e+02
8,30,40,2.012455e+02
8,30,50,1.990380e+02
8,30,60,1.971325e+02
8,30,70,1.943668e+02
8,30,80,1.927233e+02
8,30,90,1.916493e+02
8,30,100,1.896257e+02
8,30,1,3.587757e+02
8,30,2,3.325575e+02
8,30,3,2.876370e+02
8,30,5,2.542982e+02
8,30,10,2.414801e+02
8,30,20,2.238831e+02
8,30,30,2.133717e+02
8,30,40,2.110425e+02
8,30,50,2.094965e+02
8,30,60,2.070611e+02
8,30,70,2.040838e+02
8,30,80,2.021271e+02
8,30,90,1.985022e+02
8,30,100,1.962979e+02
8,30,1,3.312091e+02
8,30,2,3.130066e+02
8,30,3,3.071471e+02
8,30,5,2.673566e+02
8,30,10,2.368161e+02
8,30,20,2.324514e+02
8,30,30,2.285111e+02
8,30,40,2.219643e+02
8,30,50,2.179987e+02
8,30,60,2.124996e+02
8,30,70,2.104419e+02
8,30,80,2.070318e+02
8,30,90,2.044410e+02
8,30,100,2.002089e+02
8,30,1,3.814099e+02
8,30,2,3.419557e+02
8,30,3,3.074685e+02
8,30,5,2.505582e+02
8,30,10,2.349862e+02
8,30,20,2.072205e+02
8,30,30,2.029705e+02
8,30,40,1.970478e+02
8,30,50,1.938118e+02
8,30,60,1.908621e+02
8,30,70,1.874395e+02
8,30,80,1.849597e+02
8,30,90,1.833429e+02
8,30,100,1.819816e+02
8,30,1,3.171694e+02
8,30,2,3.077283e+02
8,30,3,2.720029e+02
8,30,5,2.600472e+02
8,30,10,2.442334e+02
8,30,20,2.214370e+02
8,30,30,2.183923e+02
8,30,40,2.165734e+02
8,30,50,2.152652e+02
8,30,60,2.123301e+02
8,30,70,2.110997e+02
8,30,80,2.104623e+02
8,30,90,2.093026e+02
8,30,100,2.083876e+02
8,30,1,3.356778e+02
8,30,2,2.942659e+02
8,30,3,2.593553e+02
8,30,5,2.499984e+02
8,30,10,2.242234e+02
8,30,20,2.107146e+02
8,30,30,2.075470e+02
8,30,40,2.051389e+02
8,30,50,1.978580e+02
8,30,60,1.938636e+02
8,30,70,1.907828e+02
8,30,80,1.882219e+02
8,30,90,1.839553e+02
8,30,100,1.828282e+02
8,30,1,3.470002e+02
8,30,2,3.421964e+02
8,30,3,3.070374e+02
8,30,5,2.733729e+02
8,30,10,2.454471e+02
8,30,20,2.133244e+02
8,30,30,2.064411e+02
8,30,40,2.045632e+02
8,30,50,2.020771e+02
8,30,60,2.000982e+02
8,30,70,1.973874e+02
8,30,80,1.932377e+02
8,30,90,1.904652e+02
8,30,100,1.891366e+02
8,30,1,3.709916e+02
8,30,2,3.316758e+02
8,30,3,2.887361e+02
8,30,5,2.410936e+02
8,30,10,2.267903e+02
8,30,20,2.217935e+02
8,30,30,2.202506e+02
8,30,40,2.182790e+02
8,30,50,2.156701e+02
8,30,60,2.107382e+02
8,30,70,2.071628e+02
8,30,80,2.047890e+02
8,30,90,2.015247e+02
8,30,100,2.000510e+02
8,30,1,3.804212e+02
8,30,2,3.302286e+02
8,30,3,3.012942e+02
8,30,5,2.659098e+02
8,30,10,2.304359e+02
8,30,20,2.281930e+02
8,30,30,2.263664e+02
8,30,40,2.244502e+02
8,30,50,2.222377e+02
8,30,60,2.201478e+02
8,30,70,2.183957e+02
8,30,80,2.151550e+02
8,30,90,2.132987e+02
8,30,100,2.122547e+02
8,30,1,3.681911e+02
8,30,2,3.234576e+02
8,30,3,2.934561e+02
8,30,5,2.735168e+02
8,30,10,2.401674e+02
8,30,20,2.367876e+02
8,30,30,2.331422e+02
8,30,40,2.308887e+02
8,30,50,2.277811e+02
8,30,60,2.256206e+02
8,30,70,2.223053e+02
8,30,80,2.188777e+02
8,30,90,2.166269e+02
8,30,100,2.137159e+02
8,30,1,3.596625e+02
8,30,2,3.329639e+02
8,30,3,3.171964e+02
8,30,5,2.753464e+02
8,30,10,2.470339e+02
8,30,20,2.225598e+02
8,30,30,2.139337e+02
8,30,40,2.112620e+02
8,30,50,2.081063e+02
8,30,60,2.051881e+02
8,30,70,2.033183e+02
8,30,80,1.993236e+02
8,30,90,1.979089e+02
8,30,100,1.961613e+02
