funcid,dim,milestone,error
15,30,1,7.010139e+08
15,30,2,4.409911e+08
15,30,3,1.313891e+08
15,30,5,5.917394e+07
15,30,10,2.295233e+07
15,30,20,8.240798e+06
15,30,30,5.334494e+06
15,30,40,4.363408e+06
15,30,50,3.335435e+06
15,30,60,2.527744e+06
15,30,70,1.218923e+06
15,30,80,4.135114e+05
15,30,90,8.604691e+04
15,30,100,1.832449e+04
15,30,1,6.201673e+08
15,30,2,4.948624e+08
15,30,3,3.942319e+08
15,30,5,3.447622e+08
15,30,10,2.933793e+07
15,30,20,1.114437e+07
15,30,30,3.800426e+06
15,30,40,2.267801e+06
15,30,50,1.889056e+06
15,30,60,9.600718e+05
15,30,70,4.278550e+05
15,30,80,1.939062e+05
15,30,90,5.440444e+04
15,30,100,1.199688e+04
15,30,1,6.155842e+08
15,30,2,3.805791e+08
15,30,3,3.231882e+08
15,30,5,2.775850e+08
15,30,10,1.360421e+08
15,30,20,3.338870e+07
15,30,30,2.316742e+07
15,30,40,2.031647e+07
15,30,50,1.807155e+07
15,30,60,1.679686e+07
15,30,70,1.459316e+07
15,30,80,1.134795e+07
15,30,90,1.041303e+07
15,30,100,9.066685e+06
15,30,1,5.722935e+08
15,30,2,3.263307e+08
15,30,3,3.019797e+08
15,30,5,1.079077e+08
15,30,10,4.595957e+07
15,30,20,4.012214e+07
15,30,30,3.333503e+07
15,30,40,2.634728e+07
15,30,50,2.103519e+07
15,30,60,1.865753e+07
15,30,70,1.750398e+07
15,30,80,1.415578e+07
15,30,90,1.290975e+07
15,30,100,8.813816e+06
15,30,1,8.020161e+08
15,30,2,6.670209e+08
15,30,3,5.662262e+08
15,30,5,4.053683e+08
15,30,10,3.671503e+07
15,30,20,6.351604e+06
15,30,30,5.365640e+06
15,30,40,3.244901e+06
15,30,50,2.640361e+06
15,30,60,2.013934e+06
15,30,70,1.491772e+06
15,30,80,1.070714e+06
15,30,90,7.108103e+05
15,30,100,5.434209e+05
15,30,1,7.156878e+08
15,30,2,4.162379e+08
15,30,3,2.411708e+08
15,30,5,8.757426e+07
15,30,10,7.107193e+07
15,30,20,2.458391e+07
15,30,30,1.918082e+07
15,30,40,1.482840e+07
15,30,50,1.320054e+07
15,30,60,1.116268e+07
15,30,70,1.007124e+07
15,30,80,8.424960e+06
15,30,90,6.716937e+06
15,30,100,6.126268e+06
15,30,1,1.458548e+09
15,30,2,8.330467e+08
15,30,3,2.736220e+08
15,30,5,1.927319e+08
15,30,10,1.211412e+08
15,30,20,3.417008e+07
15,30,30,1.455629e+07
15,30,40,1.186526e+07
15,30,50,5.906854e+06
15,30,60,4.650733e+06
15,30,70,3.346149e+06
15,30,80,2.410474e+06
15,30,90,2.056388e+06
15,30,100,1.536749e+06
15,30,1,4.138119e+08
15,30,2,3.379353e+08
15,30,3,3.022050e+08
15,30,5,1.135490e+08
15,30,10,1.519343e+06
15,30,20,7.003443e+05
15,30,30,2.353978e+05
15,30,40,6.823457e+04
15,30,50,1.590738e+04
15,30,60,1.197041e+04
15,30,70,1.188908e+04
15,30,80,1.188908e+04
15,30,90,1.188746e+04
15,30,100,1.188746e+04
15,30,1,1.409087e+09
15,30,2,1.729426e+08
15,30,3,1.370207e+08
15,30,5,7.775623e+07
15,30,10,6.461060e+07
15,30,20,2.200884e+06
15,30,30,1.849892e+06
15,30,40,1.028356e+06
15,30,50,8.907819e+05
15,30,60,6.937750e+05
15,30,70,4.612127e+05
15,30,80,1.343648e+05
15,30,90,3.336406e+04
15,30,100,1.576046e+04
15,30,1,1.201356e+09
15,30,2,8.518883e+08
15,30,3,6.651598e+08
15,30,5,9.871672e+07
15,30,10,1.388047e+07
15,30,20,9.925620e+06
15,30,30,3.856852e+06
15,30,40,2.281159e+06
15,30,50,1.782890e+06
15,30,60,1.131192e+06
15,30,70,6.277369e+05
15,30,80,9.665466e+04
15,30,90,2.401955e+04
15,30,100,8.367835e+03
15,30,1,7.167490e+08
15,30,2,3.321423e+08
15,30,3,1.507884e+08
15,30,5,5.294139e+07
15,30,10,1.861968e+07
15,30,20,1.556296e+07
15,30,30,1.161358e+07
15,30,40,9.755719e+06
15,30,50,3.829263e+06
15,30,60,2.941769e+06
15,30,70,1.452834e+06
15,30,80,8.196753e+05
15,30,90,5.753275e+05
15,30,100,1.897121e+05
15,30,1,7.446973e+08
15,30,2,6.553061e+08
15,30,3,3.554861e+08
15,30,5,5.603552e+07
15,30,10,4.459087e+07
15,30,20,2.513653e+07
15,30,30,1.684047e+07
15,30,40,1.477848e+07
15,30,50,2.798211e+06
15,30,60,1.972014e+06
15,30,70,1.292156e+06
15,30,80,7.683459e+05
15,30,90,2.613126e+05
15,30,100,1.692604e+05
15,30,1,1.054603e+09
15,30,2,4.164756e+08
15,30,3,3.554456e+08
15,30,5,3.361154e+08
15,30,10,1.026091e+08
15,30,20,3.415614e+07
15,30,30,1.526681e+07
15,30,40,1.252278e+07
15,30,50,2.169102e+05
15,30,60,9.663668e+04
15,30,70,2.474339e+04
15,30,80,1.294602e+04
15,30,90,1.201124e+04
15,30,100,1.195288e+04
15,30,1,1.869688e+09
15,30,2,6.091983e+08
15,30,3,4.364277e+08
15,30,5,2.959560e+08
15,30,10,1.972133e+07
15,30,20,1.346758e+07
15,30,30,1.090627e+07
15,30,40,9.757615e+06
15,30,50,8.471869e+06
15,30,60,7.052578e+06
15,30,70,6.354668e+06
15,30,80,5.226917e+06
15,30,90,3.996653e+06
15,30,100,3.169859e+06
15,30,1,8.830129e+08
15,30,2,5.670132e+08
15,30,3,1.388296e+08
15,30,5,1.999697e+07
15,30,10,1.332218e+07
15,30,20,2.019518e+06
15,30,30,1.480953e+06
15,30,40,1.160155e+06
15,30,50,8.033427e+05
15,30,60,4.460301e+05
15,30,70,2.004845e+05
15,30,80,6.343639e+04
15,30,90,1.358202e+04
15,30,100,7.191136e+03
15,30,1,3.566624e+08
15,30,2,4.357834e+07
15,30,3,3.403387e+07
15,30,5,1.335995e+07
15,30,10,1.083687e+07
15,30,20,8.340814e+06
15,30,30,7.488913e+06
15,30,40,6.180326e+06
15,30,50,4.023949e+06
15,30,60,3.362292e+06
15,30,70,2.822319e+06
15,30,80,1.893666e+06
15,30,90,1.424829e+06
15,30,100,1.231672e+06
15,30,1,1.709423e+09
15,30,2,1.257396e+09
15,30,3,3.083432e+08
15,30,5,1.461044e+08
15,30,10,6.689364e+07
15,30,20,2.466613e+07
15,30,30,3.249139e+06
15,30,40,1.762821e+06
15,30,50,1.367154e+06
15,30,60,4.720018e+05
15,30,70,8.633171e+04
15,30,80,3.056742e+04
15,30,90,1.243766e+04
15,30,100,1.197073e+04
15,30,1,2.639903e+08
15,30,2,1.076191e+08
15,30,3,9.606023e+07
15,30,5,9.020595e+07
15,30,10,6.930715e+07
15,30,20,1.402199e+07
15,30,30,5.109630e+06
15,30,40,4.181431e+06
15,30,50,3.049076e+06
15,30,60,2.299696e+06
15,30,70,1.739425e+06
15,30,80,1.165102e+06
15,30,90,6.259363e+05
15,30,100,2.522448e+05
15,30,1,1.560426e+09
15,30,2,7.147654e+08
15,30,3,5.637525e+08
15,30,5,2.777903e+08
15,30,10,7.925660e+06
15,30,20,3.188340e+06
15,30,30,1.310686e+06
15,30,40,9.064679e+05
15,30,50,3.891859e+05
15,30,60,2.536814e+05
15,30,70,1.676439e+05
15,30,80,7.960643e+04
15,30,90,3.537443e+04
15,30,100,1.442541e+04
15,30,1,4.146290e+08
15,30,2,1.668092e+08
15,30,3,1.312287e+08
15,30,5,1.250284e+08
15,30,10,7.364750e+06
15,30,20,3.429595e+06
15,30,30,2.880693e+06
15,30,40,2.246033e+06
15,30,50,1.521809e+06
15,30,60,1.142232e+06
15,30,70,6.327708e+05
15,30,80,2.619996e+05
15,30,90,7.318794e+04
15,30,100,1.806906e+04
15,30,1,1.064557e+09
15,30,2,2.835489e+08
15,30,3,1.906615e+08
15,30,5,1.227148e+08
15,30,10,2.579947e+07
15,30,20,9.507074e+06
15,30,30,6.061493e+06
15,30,40,5.572199e+06
15,30,50,4.466694e+06
15,30,60,2.971438e+06
15,30,70,2.237766e+06
15,30,80,1.522947e+06
15,30,90,1.009219e+06
15,30,100,7.017305e+05
15,30,1,1.252224e+09
15,30,2,2.427038e+08
15,30,3,1.140559e+08
15,30,5,6.685712e+07
15,30,10,1.894532e+07
15,30,20,2.353626e+06
15,30,30,1.833766e+06
15,30,40,1.451849e+06
15,30,50,1.017988e+06
15,30,60,5.245740e+05
15,30,70,1.517985e+05
15,30,80,2.299410e+04
15,30,90,1.120940e+04
15,30,100,1.023548e+04
15,30,1,1.770799e+09
15,30,2,6.074115e+08
15,30,3,5.723092e+08
15,30,5,2.486469e+08
15,30,10,9.229146e+07
15,30,20,2.966792e+07
15,30,30,1.889564e+06
15,30,40,6.649428e+05
15,30,50,4.513313e+05
15,30,60,2.720606e+05
15,30,70,9.182679e+04
15,30,80,3.108107e+04
15,30,90,1.466355e+04
15,30,100,1.253056e+04
15,30,1,9.801530e+08
15,30,2,1.045691e+08
15,30,3,8.469540e+07
15,30,5,8.006064e+07
15,30,10,5.379669e+07
15,30,20,1.700561e+07
15,30,30,1.396202e+07
15,30,40,1.066615e+07
15,30,50,9.762363e+06
15,30,60,8.387651e+06
15,30,70,5.362420e+06
15,30,80,4.471629e+06
15,30,90,3.754891e+06
15,30,100,2.122029e+06
15,30,1,7.734081e+08
15,30,2,5.768065e+08
15,30,3,3.575019e+08
15,30,5,7.077607e+07
15,30,10,1.012855e+07
15,30,20,3.172590e+06
15,30,30,2.158935e+06
15,30,40,9.832318e+05
15,30,50,6.691192e+05
15,30,60,3.681578e+05
15,30,70,1.673863e+05
15,30,80,4.790770e+04
15,30,90,1.586491e+04
15,30,100,1.522317e+04
15,30,1,1.892971e+09
15,30,2,4.590929e+07
15,30,3,3.781871e+07
15,30,5,3.414468e+07
15,30,10,3.107086e+07
15,30,20,2.525277e+07
15,30,30,8.599001e+06
15,30,40,7.474147e+06
15,30,50,6.147403e+06
15,30,60,4.408996e+06
15,30,70,3.685869e+06
15,30,80,2.698535e+06
15,30,90,1.847716e+06
15,30,100,1.370626e+06
15,30,1,5.293838e+08
15,30,2,3.161039e+08
15,30,3,1.436218e+08
15,30,5,4.682210e+07
15,30,10,1.551028e+07
15,30,20,1.054914e+07
15,30,30,8.840542e+06
15,30,40,7.252817e+06
15,30,50,6.738683e+06
15,30,60,5.653194e+06
15,30,70,4.475256e+06
15,30,80,3.771697e+06
15,30,90,2.729553e+06
15,30,100,2.282213e+06
15,30,1,5.440673e+08
15,30,2,5.312799e+08
15,30,3,5.282449e+08
15,30,5,3.692195e+08
15,30,10,1.136971e+08
15,30,20,1.362853e+07
15,30,30,8.932644e+06
15,30,40,7.503628e+06
15,30,50,6.373844e+06
15,30,60,4.538882e+06
15,30,70,2.851672e+06
15,30,80,2.154602e+06
15,30,90,1.761223e+06
15,30,100,1.486660e+06
15,30,1,6.069223e+08
15,30,2,5.150948e+08
15,30,3,1.477953e+08
15,30,5,3.878787e+07
15,30,10,1.296029e+07
15,30,20,1.009664e+07
15,30,30,9.541500e+06
15,30,40,8.691702e+06
15,30,50,7.661929e+06
15,30,60,5.849736e+06
15,30,70,5.099119e+06
15,30,80,4.088932e+06
15,30,90,3.022887e+06
15,30,100,2.381493e+06
15,30,1,1.370780e+09
15,30,2,7.332321e+08
15,30,3,5.447353e+08
15,30,5,2.425400e+08
15,30,10,1.079542e+07
15,30,20,4.983909e+06
15,30,30,3.751295e+06
15,30,40,3.158719e+06
15,30,50,2.449038e+06
15,30,60,2.020211e+06
15,30,70,1.674244e+06
15,30,80,1.285205e+06
15,30,90,7.628732e+05
15,30,100,2.647508e+05
15,30,1,6.239124e+08
15,30,2,2.543303e+08
15,30,3,1.615960e+07
15,30,5,1.521542e+07
15,30,10,1.369076e+07
15,30,20,1.681476e+06
15,30,30,1.154452e+06
15,30,40,9.024140e+05
15,30,50,6.849150e+05
15,30,60,3.814501e+05
15,30,70,2.092779e+05
15,30,80,1.075647e+05
15,30,90,3.214426e+04
15,30,100,1.238979e+04
