funcid,dim,milestone,error
23,10,1,5.432776e+02
23,10,2,5.218630e+02
23,10,3,4.710459e+02
23,10,5,4.215492e+02
23,10,10,4.084095e+02
23,10,20,3.944580e+02
23,10,30,3.733083e+02
23,10,40,3.707081e+02
23,10,50,3.698413e+02
23,10,60,3.690121e+02
23,10,70,3.687358e+02
23,10,80,3.684087e+02
23,10,90,3.681072e+02
23,10,100,3.680419e+02
23,10,1,5.340387e+02
23,10,2,4.396707e+02
23,10,3,3.836164e+02
23,10,5,3.798226e+02
23,10,10,3.328867e+02
23,10,20,1.010171e+02
23,10,30,1.000658e+02
23,10,40,9.893964e+01
23,10,50,9.862565e+01
23,10,60,9.832791e+01
23,10,70,9.745230e+01
23,10,80,9.701581e+01
23,10,90,9.664298e+01
23,10,100,9.625130e+01
23,10,1,4.700516e+02
23,10,2,4.536495e+02
23,10,3,4.536315e+02
23,10,5,4.489276e+02
23,10,10,4.020657e+02
23,10,20,3.955097e+02
23,10,30,3.945693e+02
23,10,40,3.934366e+02
23,10,50,3.931571e+02
23,10,60,3.925698e+02
23,10,70,3.923961e+02
23,10,80,3.919452e+02
23,10,90,3.913430e+02
23,10,100,3.907361e+02
23,10,1,5.145197e+02
23,10,2,5.048174e+02
23,10,3,4.724611e+02
23,10,5,3.813629e+02
23,10,10,3.773685e+02
23,10,20,3.746683e+02
23,10,30,3.723797e+02
23,10,40,3.721227e+02
23,10,50,3.718156e+02
23,10,60,3.713842e+02
23,10,70,3.711664e+02
23,10,80,3.709383e+02
23,10,90,3.705793e+02
23,10,100,3.703852e+02
23,10,1,4.200293e+02
23,10,2,4.179699e+02
23,10,3,4.098540e+02
23,10,5,4.010766e+02
23,10,10,3.956017e+02
23,10,20,3.920096e+02
23,10,30,3.894396e+02
23,10,40,3.885558e+02
23,10,50,3.878384e+02
23,10,60,3.872880e+02
23,10,70,3.865482e+02
23,10,80,3.860716e+02
23,10,90,3.853933e+02
23,10,100,3.848977e+02
23,10,1,5.038803e+02
23,10,2,4.986357e+02
23,10,3,4.957754e+02
23,10,5,4.141903e+02
23,10,10,3.972489e+02
23,10,20,3.876108e+02
23,10,30,3.826120e+02
23,10,40,3.817878e+02
23,10,50,3.807961e+02
23,10,60,3.794818e+02
23,10,70,3.789106e+02
23,10,80,3.782153e+02
23,10,90,3.778126e+02
23,10,100,3.775103e+02
23,10,1,5.851139e+02
23,10,2,5.235646e+02
23,10,3,4.956289e+02
23,10,5,3.978198e+02
23,10,10,3.798611e+02
23,10,20,3.579114e+02
23,10,30,3.539220e+02
23,10,40,3.533591e+02
23,10,50,3.529710e+02
23,10,60,3.525878e+02
23,10,70,3.517799e+02
23,10,80,3.515051e+02
23,10,90,3.512316e+02
23,10,100,3.509881e+02
23,10,1,4.353327e+02
23,10,2,4.015065e+02
23,10,3,4.009028e+02
23,10,5,3.976422e+02
23,10,10,3.935662e+02
23,10,20,3.903190e+02
23,10,30,3.881893e+02
23,10,40,3.865551e+02
23,10,50,3.853329e+02
23,10,60,3.850453e+02
23,10,70,3.841437e+02
23,10,80,3.834779e+02
23,10,90,3.828088e+02
23,10,100,3.825019e+02
23,10,1,4.396708e+02
23,10,2,4.361913e+02
23,10,3,4.323421e+02
23,10,5,4.240715e+02
23,10,10,4.057548e+02
23,10,20,3.893190e+02
23,10,30,3.891771e+02
23,10,40,3.889123e+02
23,10,50,3.885779e+02
23,10,60,3.884069e+02
23,10,70,3.883491e+02
23,10,80,3.881895e+02
23,10,90,3.880517e+02
23,10,100,3.879321e+02
23,10,1,4.016068e+02
23,10,2,4.015271e+02
23,10,3,4.012134e+02
23,10,5,4.011931e+02
23,10,10,3.992570e+02
23,10,20,3.694719e+02
23,10,30,3.679911e+02
23,10,40,3.676115e+02
23,10,50,3.672924e+02
23,10,60,3.667985e+02
23,10,70,3.659869e+02
23,10,80,3.655406e+02
23,10,90,3.652689e+02
23,10,100,3.645554e+02
23,10,1,5.109094e+02
23,10,2,4.903783e+02
23,10,3,4.556473e+02
23,10,5,4.089332e+02
23,10,10,4.022249e+02
23,10,20,4.019930e+02
23,10,30,3.969074e+02
23,10,40,3.954004e+02
23,10,50,3.942558e+02
23,10,60,3.937771e+02
23,10,70,3.928028e+02
23,10,80,3.922925e+02
23,10,90,3.915231e+02
23,10,100,3.909894e+02
23,10,1,4.674029e+02
23,10,2,4.400543e+02
23,10,3,4.229861e+02
23,10,5,4.020507e+02
23,10,10,4.009693e+02
23,10,20,3.841777e+02
23,10,30,3.718931e+02
23,10,40,3.666615e+02
23,10,50,3.661782e+02
23,10,60,3.651785e+02
23,10,70,3.645757e+02
23,10,80,3.640631e+02
23,10,90,3.638894e+02
23,10,100,3.625893e+02
23,10,1,5.148688e+02
23,10,2,4.687372e+02
23,10,3,4.372673e+02
23,10,5,4.292923e+02
23,10,10,4.075604e+02
23,10,20,3.965149e+02
23,10,30,2.784530e+02
23,10,40,2.731855e+02
23,10,50,2.717892e+02
23,10,60,2.701462e+02
23,10,70,2.685891e+02
23,10,80,2.668756e+02
23,10,90,2.659590e+02
23,10,100,2.644376e+02
23,10,1,5.053937e+02
23,10,2,5.053059e+02
23,10,3,4.902871e+02
23,10,5,4.292972e+02
23,10,10,4.125498e+02
23,10,20,4.006380e+02
23,10,30,3.919910e+02
23,10,40,3.910871e+02
23,10,50,3.841803e+02
23,10,60,3.747916e+02
23,10,70,3.716488e+02
23,10,80,3.700905e+02
23,10,90,3.693457e+02
23,10,100,3.691115e+02
23,10,1,4.682684e+02
23,10,2,4.646668e+02
23,10,3,4.609015e+02
23,10,5,4.200514e+02
23,10,10,4.088930e+02
23,10,20,3.737249e+02
23,10,30,3.697128e+02
23,10,40,3.692088e+02
23,10,50,3.685925e+02
23,10,60,3.684288e+02
23,10,70,3.681961e+02
23,10,80,3.676406e+02
23,10,90,3.673648e+02
23,10,100,3.672990e+02
23,10,1,4.894642e+02
23,10,2,4.862787e+02
23,10,3,4.817010e+02
23,10,5,4.255308e+02
23,10,10,3.994468e+02
23,10,20,3.724903e+02
23,10,30,3.710392e+02
23,10,40,3.699844e+02
23,10,50,3.696088e+02
23,10,60,3.695731e+02
23,10,70,3.689614e+02
23,10,80,3.687550e+02
23,10,90,3.682318e+02
23,10,100,3.674803e+02
23,10,1,5.065658e+02
23,10,2,4.617346e+02
23,10,3,4.296656e+02
23,10,5,4.094644e+02
23,10,10,4.072255e+02
23,10,20,4.033534e+02
23,10,30,3.991814e+02
23,10,40,3.988104e+02
23,10,50,3.982530e+02
23,10,60,3.980435e+02
23,10,70,3.977673e+02
23,10,80,3.972618e+02
23,10,90,3.970252e+02
23,10,100,3.966273e+02
23,10,1,5.078875e+02
23,10,2,4.083867e+02
23,10,3,4.073205e+02
23,10,5,4.050533e+02
23,10,10,4.025042e+02
23,10,20,3.889707e+02
23,10,30,3.829460e+02
23,10,40,3.757012e+02
23,10,50,3.746237e+02
23,10,60,3.740748e+02
23,10,70,3.735442e+02
23,10,80,3.730315e+02
23,10,90,3.726597e+02
23,10,100,3.720793e+02
23,10,1,5.052808e+02
23,10,2,4.955168e+02
23,10,3,4.787191e+02
23,10,5,4.605813e+02
23,10,10,4.078048e+02
23,10,20,3.895717e+02
23,10,30,3.869037e+02
23,10,40,3.861907e+02
23,10,50,3.855833e+02
23,10,60,3.845210e+02
23,10,70,3.838084e+02
23,10,80,3.832783e+02
23,10,90,3.821294e+02
23,10,100,3.817316e+02
23,10,1,4.691394e+02
23,10,2,4.648540e+02
23,10,3,4.629991e+02
23,10,5,4.294765e+02
23,10,10,4.159009e+02
23,10,20,3.967819e+02
23,10,30,3.963501e+02
23,10,40,3.960282e+02
23,10,50,3.957392e+02
23,10,60,3.950998e+02
23,10,70,3.945690e+02
23,10,80,3.944276e+02
23,10,90,3.942143e+02
23,10,100,3.939878e+02
23,10,1,5.156191e+02
23,10,2,4.575926e+02
23,10,3,4.332545e+02
23,10,5,4.169095e+02
23,10,10,4.045656e+02
23,10,20,3.699608e+02
23,10,30,3.607632e+02
23,10,40,3.585242e+02
23,10,50,3.582915e+02
23,10,60,3.575809e+02
23,10,70,3.572433e+02
23,10,80,3.567892e+02
23,10,90,3.563458e+02
23,10,100,3.561737e+02
23,10,1,4.053970e+02
23,10,2,4.011690e+02
23,10,3,3.771498e+02
23,10,5,3.767205e+02
23,10,10,3.762038e+02
23,10,20,3.748902e+02
23,10,30,3.740331e+02
23,10,40,3.736545e+02
23,10,50,3.731957e+02
23,10,60,3.729702e+02
23,10,70,3.726305e+02
23,10,80,3.722627e+02
23,10,90,3.719335e+02
23,10,100,3.712688e+02
23,10,1,4.913513e+02
23,10,2,4.663311e+02
23,10,3,4.435047e+02
23,10,5,4.405030e+02
23,10,10,4.176797e+02
23,10,20,3.880868e+02
23,10,30,3.849438e+02
23,10,40,3.833671e+02
23,10,50,3.815451e+02
23,10,60,3.813743e+02
23,10,70,3.808077e+02
23,10,80,3.806252e+02
23,10,90,3.798453e+02
23,10,100,3.787796e+02
23,10,1,5.051821e+02
23,10,2,4.644678e+02
23,10,3,4.304044e+02
23,10,5,4.296667e+02
23,10,10,4.125065e+02
23,10,20,4.103403e+02
23,10,30,4.041180e+02
23,10,40,4.027811e+02
23,10,50,4.023929e+02
23,10,60,3.956781e+02
23,10,70,3.932716e+02
23,10,80,3.926996e+02
23,10,90,3.921575e+02
23,10,100,3.913592e+02
23,10,1,4.920564e+02
23,10,2,4.610122e+02
23,10,3,4.582367e+02
23,10,5,4.163428e+02
23,10,10,4.152018e+02
23,10,20,3.924313e+02
23,10,30,3.703491e+02
23,10,40,3.669256e+02
23,10,50,3.666766e+02
23,10,60,3.658920e+02
23,10,70,3.649260e+02
23,10,80,3.648044e+02
23,10,90,3.645465e+02
23,10,100,3.642543e+02
23,10,1,4.472545e+02
23,10,2,4.471261e+02
23,10,3,3.999773e+02
23,10,5,3.979766e+02
23,10,10,3.767860e+02
23,10,20,3.653568e+02
23,10,30,3.638913e+02
23,10,40,3.632787e+02
23,10,50,3.629511e+02
23,10,60,3.625008e+02
23,10,70,3.621488e+02
23,10,80,3.617442e+02
23,10,90,3.590528e+02
23,10,100,3.584845e+02
23,10,1,4.687890e+02
23,10,2,4.367595e+02
23,10,3,4.176163e+02
23,10,5,3.967328e+02
23,10,10,3.897858e+02
23,10,20,3.750132e+02
23,10,30,3.741250e+02
23,10,40,3.726125e+02
23,10,50,3.710180e+02
23,10,60,3.707021e+02
23,10,70,3.703500e+02
23,10,80,3.700472e+02
23,10,90,3.698427e+02
23,10,100,3.696304e+02
23,10,1,4.577611e+02
23,10,2,4.576822e+02
23,10,3,4.576822e+02
23,10,5,4.550383e+02
23,10,10,3.988380e+02
23,10,20,3.847464e+02
23,10,30,3.841271e+02
23,10,40,3.837043e+02
23,10,50,3.835451e+02
23,10,60,3.832178e+02
23,10,70,3.828893e+02
23,10,80,3.822709e+02
23,10,90,3.819801e+02
23,10,100,3.812327e+02
23,10,1,4.721965e+02
23,10,2,4.411177e+02
23,10,3,4.335052e+02
23,10,5,4.275863e+02
23,10,10,3.920587e+02
23,10,20,3.856358e+02
23,10,30,3.844992e+02
23,10,40,3.838765e+02
23,10,50,3.823804e+02
23,10,60,3.821524e+02
23,10,70,3.819804e+02
23,10,80,3.809189e+02
23,10,90,3.805939e+02
23,10,100,3.803979e+02
23,10,1,5.081109e+02
23,10,2,5.081096e+02
23,10,3,4.580296e+02
23,10,5,4.491491e+02
23,10,10,3.735473e+02
23,10,20,3.713453e+02
23,10,30,3.708124e+02
23,10,40,3.701986e+02
23,10,50,3.696705e+02
23,10,60,3.624695e+02
23,10,70,3.621023e+02
23,10,80,3.618171e+02
23,10,90,3.613731e+02
23,10,100,3.605328e+02
23,10,1,4.204040e+02
23,10,2,3.884881e+02
23,10,3,3.879324e+02
23,10,5,3.807139e+02
23,10,10,3.571998e+02
23,10,20,3.568117e+02
23,10,30,3.561086e+02
23,10,40,3.556873e+02
23,10,50,3.553825e+02
23,10,60,3.546791e+02
23,10,70,3.543835e+02
23,10,80,3.535592e+02
23,10,90,3.532042e+02
23,10,100,3.530280e+02
