funcid,dim,milestone,error
28,30,1,3.638465e+03
28,30,2,3.232794e+03
28,30,3,2.276281e+03
28,30,5,1.590668e+03
28,30,10,1.111967e+03
28,30,20,1.081247e+03
28,30,30,1.076864e+03
28,30,40,1.072908e+03
28,30,50,1.069174e+03
28,30,60,1.064816e+03
28,30,70,1.058476e+03
28,30,80,1.053900e+03
28,30,90,1.050682e+03
28,30,100,1.044250e+03
28,30,1,4.946643e+03
28,30,2,3.236886e+03
28,30,3,2.718574e+03
28,30,5,1.903239e+03
28,30,10,1.248923e+03
28,30,20,1.159133e+03
28,30,30,1.098453e+03
28,30,40,1.087459e+03
28,30,50,1.055972e+03
28,30,60,1.049831e+03
28,30,70,1.045614e+03
28,30,80,1.043326e+03
28,30,90,1.039802e+03
28,30,100,1.034469e+03
28,30,1,5.629334e+03
28,30,2,3.728589e+03
28,30,3,2.913465e+03
28,30,5,2.071173e+03
28,30,10,1.382826e+03
28,30,20,1.302015e+03
28,30,30,1.291690e+03
28,30,40,1.218575e+03
28,30,50,1.213667e+03
28,30,60,1.210574e+03
28,30,70,1.207332e+03
28,30,80,1.205016e+03
28,30,90,1.194984e+03
28,30,100,1.191441e+03
28,30,1,3.957480e+03
28,30,2,3.402338e+03
28,30,3,2.137735e+03
28,30,5,1.583210e+03
28,30,10,1.542013e+03
28,30,20,1.499729e+03
28,30,30,1.348810e+03
28,30,40,1.332845e+03
28,30,50,1.325612e+03
28,30,60,1.323504e+03
28,30,70,1.309475e+03
28,30,80,1.303882e+03
28,30,90,1.297681e+03
28,30,100,1.294745e+03
28,30,1,4.655821e+03
28,30,2,2.835041e+03
28,30,3,2.262001e+03
28,30,5,1.676677e+03
28,30,10,1.552517e+03
28,30,20,1.303070e+03
28,30,30,1.293049e+03
28,30,40,1.287834e+03
28,30,50,1.279858e+03
28,30,60,1.273458e+03
28,30,70,1.268838e+03
28,30,80,1.265612e+03
28,30,90,1.259580e+03
28,30,100,1.256992e+03
28,30,1,5.611694e+03
28,30,2,3.888544e+03
28,30,3,3.214099e+03
28,30,5,2.613503e+03
28,30,10,1.891121e+03
28,30,20,1.278697e+03
28,30,30,1.270941e+03
28,30,40,1.268001e+03
28,30,50,1.265178e+03
28,30,60,1.260710e+03
28,30,70,1.256190e+03
28,30,80,1.250743e+03
28,30,90,1.246767e+03
28,30,100,1.245275e+03
28,30,1,4.668641e+03
28,30,2,3.630014e+03
28,30,3,2.447053e+03
28,30,5,1.918700e+03
28,30,10,1.367242e+03
28,30,20,1.338903e+03
28,30,30,1.332714e+03
28,30,40,1.326859e+03
28,30,50,1.322535e+03
28,30,60,1.313548e+03
28,30,70,1.309019e+03
28,30,80,1.299916e+03
28,30,90,1.292792e+03
28,30,100,1.284929e+03
28,30,1,3.792208e+03
28,30,2,2.349791e+03
28,30,3,1.848463e+03
28,30,5,1.728887e+03
28,30,10,1.703342e+03
28,30,20,1.333979e+03
28,30,30,1.323952e+03
28,30,40,1.315435e+03
28,30,50,1.312459e+03
28,30,60,1.309529e+03
28,30,70,1.305621e+03
28,30,80,1.300812e+03
28,30,90,1.296954e+03
28,30,100,1.289875e+03
28,30,1,4.638653e+03
28,30,2,2.991603e+03
28,30,3,2.691616e+03
28,30,5,1.828764e+03
28,30,10,1.320235e+03
28,30,20,1.234646e+03
28,30,30,1.231602e+03
28,30,40,1.226332e+03
28,30,50,1.221820e+03
28,30,60,1.212470e+03
28,30,70,1.205741e+03
28,30,80,1.199680e+03
28,30,90,1.193418e+03
28,30,100,1.186565e+03
28,30,1,4.536748e+03
28,30,2,3.692465e+03
28,30,3,2.713750e+03
28,30,5,2.234965e+03
28,30,10,1.622473e+03
28,30,20,1.374903e+03
28,30,30,1.367064e+03
28,30,40,1.362938e+03
28,30,50,1.357510e+03
28,30,60,1.354255e+03
28,30,70,1.348236e+03
28,30,80,1.340601e+03
28,30,90,1.337290e+03
28,30,100,1.333307e+03
28,30,1,3.719751e+03
28,30,2,3.373143e+03
28,30,3,2.650761e+03
28,30,5,2.023449e+03
28,30,10,1.291251e+03
28,30,20,1.271273e+03
28,30,30,1.258927e+03
28,30,40,1.254556e+03
28,30,50,1.246834e+03
28,30,60,1.233503e+03
28,30,70,1.225622e+03
28,30,80,1.212110e+03
28,30,90,1.208251e+03
28,30,100,1.204445e+03
28,30,1,4.728129e+03
28,30,2,3.445500e+03
28,30,3,2.752578e+03
28,30,5,2.185712e+03
28,30,10,1.332102e+03
28,30,20,1.197690e+03
28,30,30,1.118806e+03
28,30,40,1.113263e+03
28,30,50,1.109408e+03
28,30,60,1.105758e+03
28,30,70,1.097473e+03
28,30,80,1.092362e+03
28,30,90,1.085061e+03
28,30,100,1.079682e+03
28,30,1,4.742238e+03
28,30,2,4.066187e+03
28,30,3,2.162093e+03
28,30,5,1.950266e+03
28,30,10,1.704885e+03
28,30,20,1.520710e+03
28,30,30,1.470802e+03
28,30,40,1.460883e+03
28,30,50,1.456645e+03
28,30,60,1.446275e+03
28,30,70,1.441059e+03
28,30,80,1.435549e+03
28,30,90,1.428809e+03
28,30,100,1.421765e+03
28,30,1,4.207238e+03
28,30,2,2.991557e+03
28,30,3,2.439973e+03
28,30,5,1.709469e+03
28,30,10,1.235924e+03
28,30,20,1.227175e+03
28,30,30,1.222166e+03
28,30,40,1.217304e+03
28,30,50,1.212887e+03
28,30,60,1.208067e+03
28,30,70,1.203323e+03
28,30,80,1.189874e+03
28,30,90,1.186830e+03
28,30,100,1.180542e+03
28,30,1,4.871835e+03
28,30,2,3.086086e+03
28,30,3,2.657255e+03
28,30,5,2.029647e+03
28,30,10,1.641211e+03
28,30,20,1.484404e+03
28,30,30,1.356488e+03
28,30,40,1.351956e+03
28,30,50,1.346706e+03
28,30,60,1.340395e+03
28,30,70,1.336026e+03
28,30,80,1.332800e+03
28,30,90,1.329066e+03
28,30,100,1.324359e+03
28,30,1,4.393402e+03
28,30,2,3.505970e+03
28,30,3,2.529465e+03
28,30,5,2.103348e+03
28,30,10,1.660746e+03
28,30,20,1.336610e+03
28,30,30,1.291832e+03
28,30,40,1.286428e+03
28,30,50,1.276565e+03
28,30,60,1.271796e+03
28,30,70,1.262076e+03
28,30,80,1.258517e+03
28,30,90,1.252300e+03
28,30,100,1.247596e+03
28,30,1,5.732152e+03
28,30,2,3.727586e+03
28,30,3,3.093322e+03
28,30,5,1.992292e+03
28,30,10,1.813098e+03
28,30,20,1.277519e+03
28,30,30,1.268674e+03
28,30,40,1.261304e+03
28,30,50,1.256080e+03
28,30,60,1.249604e+03
28,30,70,1.239312e+03
28,30,80,1.235322e+03
28,30,90,1.230924e+03
28,30,100,1.226278e+03
28,30,1,4.529842e+03
28,30,2,3.950722e+03
28,30,3,2.852338e+03
28,30,5,2.180498e+03
28,30,10,1.420194e+03
28,30,20,1.117597e+03
28,30,30,1.092750e+03
28,30,40,1.090050e+03
28,30,50,1.086641e+03
28,30,60,1.081143e+03
28,30,70,1.068265e+03
28,30,80,1.063745e+03
28,30,90,1.059361e+03
28,30,100,1.054246e+03
28,30,1,4.815744e+03
28,30,2,3.556098e+03
28,30,3,2.607004e+03
28,30,5,2.328076e+03
28,30,10,1.675699e+03
28,30,20,1.216929e+03
28,30,30,1.205488e+03
28,30,40,1.200941e+03
28,30,50,1.195270e+03
28,30,60,1.192969e+03
28,30,70,1.190438e+03
28,30,80,1.186691e+03
28,30,90,1.181989e+03
28,30,100,1.178604e+03
28,30,1,4.852136e+03
28,30,2,3.459666e+03
28,30,3,2.733372e+03
28,30,5,2.165558e+03
28,30,10,1.721848e+03
28,30,20,1.448145e+03
28,30,30,1.437023e+03
28,30,40,1.430669e+03
28,30,50,1.420446e+03
28,30,60,1.416884e+03
28,30,70,1.409453e+03
28,30,80,1.401270e+03
28,30,90,1.394185e+03
28,30,100,1.386552e+03
28,30,1,4.280491e+03
28,30,2,3.201656e+03
28,30,3,2.463735e+03
28,30,5,1.995550e+03
28,30,10,1.709680e+03
28,30,20,1.420077e+03
28,30,30,1.325867e+03
28,30,40,1.317985e+03
28,30,50,1.312859e+03
28,30,60,1.306278e+03
28,30,70,1.301003e+03
28,30,80,1.295402e+03
28,30,90,1.290455e+03
28,30,100,1.286395e+03
28,30,1,5.516869e+03
28,30,2,3.463675e+03
28,30,3,2.904517e+03
28,30,5,2.040178e+03
28,30,10,1.397563e+03
28,30,20,1.282887e+03
28,30,30,1.270801e+03
28,30,40,1.259700e+03
28,30,50,1.252615e+03
28,30,60,1.250539e+03
28,30,70,1.245883e+03
28,30,80,1.241007e+03
28,30,90,1.237338e+03
28,30,100,1.234364e+03
28,30,1,4.984438e+03
28,30,2,3.691174e+03
28,30,3,2.939437e+03
28,30,5,1.998733e+03
28,30,10,1.313990e+03
28,30,20,1.265974e+03
28,30,30,1.261905e+03
28,30,40,1.257382e+03
28,30,50,1.249549e+03
28,30,60,1.221184e+03
28,30,70,1.204830e+03
28,30,80,1.199943e+03
28,30,90,1.195053e+03
28,30,100,1.192537e+03
28,30,1,4.821723e+03
28,30,2,3.172838e+03
28,30,3,2.489791e+03
28,30,5,1.814319e+03
28,30,10,1.620782e+03
28,30,20,1.417780e+03
28,30,30,1.411153e+03
28,30,40,1.406619e+03
28,30,50,1.401875e+03
28,30,60,1.394108e+03
28,30,70,1.389422e+03
28,30,80,1.383433e+03
28,30,90,1.379470e+03
28,30,100,1.376296e+03
28,30,1,4.456038e+03
28,30,2,3.242372e+03
28,30,3,2.541944e+03
28,30,5,1.566427e+03
28,30,10,1.342787e+03
28,30,20,1.277700e+03
28,30,30,1.261173e+03
28,30,40,1.230699e+03
28,30,50,1.224048e+03
28,30,60,1.218203e+03
28,30,70,1.209643e+03
28,30,80,1.207685e+03
28,30,90,1.205817e+03
28,30,100,1.197979e+03
28,30,1,5.079005e+03
28,30,2,3.098563e+03
28,30,3,2.296644e+03
28,30,5,1.517167e+03
28,30,10,1.467610e+03
28,30,20,1.374767e+03
28,30,30,1.309519e+03
28,30,40,1.292041e+03
28,30,50,1.280971e+03
28,30,60,1.275561e+03
28,30,70,1.268933e+03
28,30,80,1.261008e+03
28,30,90,1.257121e+03
28,30,100,1.253505e+03
28,30,1,4.745073e+03
28,30,2,3.201374e+03
28,30,3,2.578311e+03
28,30,5,2.115108e+03
28,30,10,1.476862e+03
28,30,20,1.266009e+03
28,30,30,1.260259e+03
28,30,40,1.253270e+03
28,30,50,1.247162e+03
28,30,60,1.241711e+03
28,30,70,1.235790e+03
28,30,80,1.228874e+03
28,30,90,1.226564e+03
28,30,100,1.217883e+03
28,30,1,4.374913e+03
28,30,2,3.373103e+03
28,30,3,2.766932e+03
28,30,5,2.191789e+03
28,30,10,1.681329e+03
28,30,20,1.653113e+03
28,30,30,1.576363e+03
28,30,40,1.504497e+03
28,30,50,1.490930e+03
28,30,60,1.479923e+03
28,30,70,1.473060e+03
28,30,80,1.466655e+03
28,30,90,1.460417e+03
28,30,100,1.455802e+03
28,30,1,5.559180e+03
28,30,2,3.762645e+03
28,30,3,2.417939e+03
28,30,5,1.516364e+03
28,30,10,1.160482e+03
28,30,20,1.134215e+03
28,30,30,1.130852e+03
28,30,40,1.124691e+03
28,30,50,1.116635e+03
28,30,60,1.111998e+03
28,30,70,1.107490e+03
28,30,80,1.104357e+03
28,30,90,1.097475e+03
28,30,100,1.094307e+03
28,30,1,6.276220e+03
28,30,2,4.006933e+03
28,30,3,2.488873e+03
28,30,5,1.930608e+03
28,30,10,1.506170e+03
28,30,20,1.274088e+03
28,30,30,1.256977e+03
28,30,40,1.249783e+03
28,30,50,1.242428e+03
28,30,60,1.238241e+03
28,30,70,1.231810e+03
28,30,80,1.224892e+03
28,30,90,1.217454e+03
28,30,100,1.212035e+03
28,30,1,5.590785e+03
28,30,2,3.896161e+03
28,30,3,3.039298e+03
28,30,5,2.418621e+03
28,30,10,1.806613e+03
28,30,20,1.758980e+03
28,30,30,1.713278e+03
28,30,40,1.709092e+03
28,30,50,1.704282e+03
28,30,60,1.700254e+03
28,30,70,1.695596e+03
28,30,80,1.689314e+03
28,30,90,1.685846e+03
28,30,100,1.683075e+03
