funcid,dim,milestone,error
21,30,1,6.758185e+02
21,30,2,6.380248e+02
21,30,3,5.631114e+02
21,30,5,4.892495e+02
21,30,10,4.508505e+02
21,30,20,4.473111e+02
21,30,30,4.452571e+02
21,30,40,4.432809e+02
21,30,50,4.405322e+02
21,30,60,4.374923e+02
21,30,70,4.344184e+02
21,30,80,4.316666e+02
21,30,90,4.297517e+02
21,30,100,4.259010e+02
21,30,1,7.169992e+02
21,30,2,5.886834e+02
21,30,3,5.178342e+02
21,30,5,4.819568e+02
21,30,10,4.674724e+02
21,30,20,4.495664e+02
21,30,30,4.200027e+02
21,30,40,4.160402e+02
21,30,50,4.141470e+02
21,30,60,4.121076e+02
21,30,70,4.097475e+02
21,30,80,4.051808e+02
21,30,90,4.028991e+02
21,30,100,3.991132e+02
21,30,1,7.296931e+02
21,30,2,5.537720e+02
21,30,3,4.720571e+02
21,30,5,3.774556e+02
21,30,10,3.428028e+02
21,30,20,2.879590e+02
21,30,30,2.837148e+02
21,30,40,2.794103e+02
21,30,50,2.764159e+02
21,30,60,2.676816e+02
21,30,70,2.661703e+02
21,30,80,2.646853e+02
21,30,90,2.624999e+02
21,30,100,2.612049e+02
21,30,1,6.638625e+02
21,30,2,6.053730e+02
21,30,3,5.819032e+02
21,30,5,5.419509e+02
21,30,10,4.847119e+02
21,30,20,3.040573e+02
21,30,30,2.858103e+02
21,30,40,2.820202e+02
21,30,50,2.804926e+02
21,30,60,2.791410e+02
21,30,70,2.773013e+02
21,30,80,2.757744e+02
21,30,90,2.752095e+02
21,30,100,2.744297e+02
21,30,1,6.852492e+02
21,30,2,5.652345e+02
21,30,3,5.469198e+02
21,30,5,5.024776e+02
21,30,10,3.997766e+02
21,30,20,3.859641e+02
21,30,30,3.841955e+02
21,30,40,3.824233e+02
21,30,50,3.807886e+02
21,30,60,3.791022e+02
21,30,70,3.771090e+02
21,30,80,3.757153e+02
21,30,90,3.740717e+02
21,30,100,3.706436e+02
21,30,1,7.343106e+02
21,30,2,6.098026e+02
21,30,3,5.547390e+02
21,30,5,5.183485e+02
21,30,10,4.317256e+02
21,30,20,4.166868e+02
21,30,30,4.138121e+02
21,30,40,4.116549e+02
21,30,50,4.098331e+02
21,30,60,4.056724e+02
21,30,70,4.023409e+02
21,30,80,4.003259e+02
21,30,90,3.971248e+02
21,30,100,3.948164e+02
21,30,1,7.035120e+02
21,30,2,6.327329e+02
21,30,3,5.782679e+02
21,30,5,4.873836e+02
21,30,10,3.513479e+02
21,30,20,3.080431e+02
21,30,30,2.830224e+02
21,30,40,2.786448e+02
21,30,50,2.739153e+02
21,30,60,2.707951e+02
21,30,70,2.678675e+02
21,30,80,2.665894e+02
21,30,90,2.653971e+02
21,30,100,2.637692e+02
21,30,1,6.550747e+02
21,30,2,6.353803e+02
21,30,3,5.443396e+02
21,30,5,4.834696e+02
21,30,10,4.691924e+02
21,30,20,4.638233e+02
21,30,30,3.034404e+02
21,30,40,2.826346e+02
21,30,50,2.792282e+02
21,30,60,2.778182e+02
21,30,70,2.766262e+02
21,30,80,2.750432e+02
21,30,90,2.736639e+02
21,30,100,2.723307e+02
21,30,1,6.557633e+02
21,30,2,6.022780e+02
21,30,3,5.312391e+02
21,30,5,5.139827e+02
21,30,10,4.667637e+02
21,30,20,4.439698e+02
21,30,30,4.408673e+02
21,30,40,4.386142e+02
21,30,50,4.359782e+02
21,30,60,4.318930e+02
21,30,70,4.295241e+02
21,30,80,4.283041e+02
21,30,90,4.239050e+02
21,30,100,4.217734e+02
21,30,1,6.773852e+02
21,30,2,6.131668e+02
21,30,3,4.911514e+02
21,30,5,4.714979e+02
21,30,10,4.694605e+02
21,30,20,4.497398e+02
21,30,30,4.284744e+02
21,30,40,4.259489e+02
21,30,50,4.219872e+02
21,30,60,4.177484e+02
21,30,70,4.159462e+02
21,30,80,4.122591e+02
21,30,90,4.102919e+02
21,30,100,4.072296e+02
21,30,1,6.876971e+02
21,30,2,5.397417e+02
21,30,3,5.157974e+02
21,30,5,4.934626e+02
21,30,10,4.640895e+02
21,30,20,4.312802e+02
21,30,30,4.283106e+02
21,30,40,4.246758e+02
21,30,50,4.211389e+02
21,30,60,4.152344e+02
21,30,70,4.131941e+02
21,30,80,4.092377e+02
21,30,90,4.068984e+02
21,30,100,4.054603e+02
21,30,1,6.254909e+02
21,30,2,5.910605e+02
21,30,3,5.230590e+02
21,30,5,3.692511e+02
21,30,10,2.559107e+02
21,30,20,2.479234e+02
21,30,30,2.464865e+02
21,30,40,2.452841e+02
21,30,50,2.445096e+02
21,30,60,2.436822e+02
21,30,70,2.429870e+02
21,30,80,2.415876e+02
21,30,90,2.408355e+02
21,30,100,2.402291e+02
21,30,1,6.819051e+02
21,30,2,5.815457e+02
21,30,3,5.468326e+02
21,30,5,4.594237e+02
21,30,10,4.290769e+02
21,30,20,4.243422e+02
21,30,30,4.218386e+02
21,30,40,4.186582e+02
21,30,50,4.130499e+02
21,30,60,4.115132e+02
21,30,70,4.090238e+02
21,30,80,4.065953e+02
21,30,90,4.043726e+02
21,30,100,4.017372e+02
21,30,1,6.504227e+02
21,30,2,6.008851e+02
21,30,3,5.835883e+02
21,30,5,4.764098e+02
21,30,10,4.395844e+02
21,30,20,4.208660e+02
21,30,30,4.172772e+02
21,30,40,4.143373e+02
21,30,50,4.120211e+02
21,30,60,4.082052e+02
21,30,70,4.058817e+02
21,30,80,4.051537e+02
21,30,90,4.030553e+02
21,30,100,4.003558e+02
21,30,1,6.893031e+02
21,30,2,6.026970e+02
21,30,3,5.431038e+02
21,30,5,4.987914e+02
21,30,10,3.961654e+02
21,30,20,3.875312e+02
21,30,30,3.827394e+02
21,30,40,3.808090e+02
21,30,50,3.785956e+02
21,30,60,3.768172e+02
21,30,70,3.737027e+02
21,30,80,3.703035e+02
21,30,90,3.677731e+02
21,30,100,3.659178e+02
21,30,1,6.609204e+02
21,30,2,5.886937e+02
21,30,3,5.335618e+02
21,30,5,4.634092e+02
21,30,10,4.531417e+02
21,30,20,4.428384e+02
21,30,30,4.382158e+02
21,30,40,4.337187e+02
21,30,50,4.299529e+02
21,30,60,4.259372e+02
21,30,70,4.231778e+02
21,30,80,4.201293e+02
21,30,90,4.176290e+02
21,30,100,4.133683e+02
21,30,1,7.459261e+02
21,30,2,6.088706e+02
21,30,3,5.467616e+02
21,30,5,4.862624e+02
21,30,10,4.558174e+02
21,30,20,4.495623e+02
21,30,30,4.469469e+02
21,30,40,4.437210e+02
21,30,50,4.414413e+02
21,30,60,4.389506e+02
21,30,70,4.365082e+02
21,30,80,4.342548e+02
21,30,90,4.315472e+02
21,30,100,4.288499e+02
21,30,1,6.515290e+02
21,30,2,5.394637e+02
21,30,3,4.348486e+02
21,30,5,3.657513e+02
21,30,10,3.132267e+02
21,30,20,3.078149e+02
21,30,30,3.062799e+02
21,30,40,3.047764e+02
21,30,50,3.031282e+02
21,30,60,3.020453e+02
21,30,70,3.007431e+02
21,30,80,2.983862e+02
21,30,90,2.975498e+02
21,30,100,2.957202e+02
21,30,1,6.491077e+02
21,30,2,5.816954e+02
21,30,3,5.319068e+02
21,30,5,4.854074e+02
21,30,10,4.477668e+02
21,30,20,4.343477e+02
21,30,30,4.268388e+02
21,30,40,4.251558e+02
21,30,50,4.218437e+02
21,30,60,4.171554e+02
21,30,70,4.140330e+02
21,30,80,4.107133e+02
21,30,90,4.064392e+02
21,30,100,4.037209e+02
21,30,1,7.152897e+02
21,30,2,6.071829e+02
21,30,3,5.393241e+02
21,30,5,4.231814e+02
21,30,10,4.067489e+02
21,30,20,3.612027e+02
21,30,30,3.597183e+02
21,30,40,3.579839e+02
21,30,50,3.567067e+02
21,30,60,3.551669e+02
21,30,70,3.540012e+02
21,30,80,3.504766e+02
21,30,90,3.492223e+02
21,30,100,3.479590e+02
21,30,1,6.325798e+02
21,30,2,5.189964e+02
21,30,3,5.149824e+02
21,30,5,4.728007e+02
21,30,10,3.354852e+02
21,30,20,3.148623e+02
21,30,30,3.096773e+02
21,30,40,3.075504e+02
21,30,50,3.006262e+02
21,30,60,2.979972e+02
21,30,70,2.968849e+02
21,30,80,2.963264e+02
21,30,90,2.940646e+02
21,30,100,2.917746e+02
21,30,1,6.836418e+02
21,30,2,6.344503e+02
21,30,3,4.887027e+02
21,30,5,3.468762e+02
21,30,10,3.190074e+02
21,30,20,2.924169e+02
21,30,30,2.882348e+02
21,30,40,2.866223e+02
21,30,50,2.784439e+02
21,30,60,2.741919e+02
21,30,70,2.716750e+02
21,30,80,2.699552e+02
21,30,90,2.682588e+02
21,30,100,2.665127e+02
21,30,1,6.642734e+02
21,30,2,5.900990e+02
21,30,3,5.391309e+02
21,30,5,4.771181e+02
21,30,10,4.176792e+02
21,30,20,4.050372e+02
21,30,30,4.027744e+02
21,30,40,3.997340e+02
21,30,50,3.962487e+02
21,30,60,3.941243e+02
21,30,70,3.904114e+02
21,30,80,3.866279e+02
21,30,90,3.843148e+02
21,30,100,3.823752e+02
21,30,1,6.143445e+02
21,30,2,5.696970e+02
21,30,3,5.062622e+02
21,30,5,4.718806e+02
21,30,10,4.420917e+02
21,30,20,4.270526e+02
21,30,30,4.241590e+02
21,30,40,4.194913e+02
21,30,50,4.160220e+02
21,30,60,4.106366e+02
21,30,70,4.053934e+02
21,30,80,4.032719e+02
21,30,90,4.020163e+02
21,30,100,3.995918e+02
21,30,1,6.695761e+02
21,30,2,5.722115e+02
21,30,3,5.424998e+02
21,30,5,4.938027e+02
21,30,10,3.896615e+02
21,30,20,3.591224e+02
21,30,30,3.559732e+02
21,30,40,3.528811e+02
21,30,50,3.505996e+02
21,30,60,3.486945e+02
21,30,70,3.466965e+02
21,30,80,3.451420e+02
21,30,90,3.438817e+02
21,30,100,3.421671e+02
21,30,1,6.612305e+02
21,30,2,6.136559e+02
21,30,3,5.634800e+02
21,30,5,5.055623e+02
21,30,10,4.722513e+02
21,30,20,4.551437e+02
21,30,30,4.470583e+02
21,30,40,4.426088e+02
21,30,50,4.354589e+02
21,30,60,4.325887e+02
21,30,70,4.294569e+02
21,30,80,4.265293e+02
21,30,90,4.229814e+02
21,30,100,4.218473e+02
21,30,1,7.093939e+02
21,30,2,6.488572e+02
21,30,3,5.747206e+02
21,30,5,4.552855e+02
21,30,10,4.112456e+02
21,30,20,3.451238e+02
21,30,30,3.154684e+02
21,30,40,2.995696e+02
21,30,50,2.957674e+02
21,30,60,2.927991e+02
21,30,70,2.912285e+02
21,30,80,2.896634e+02
21,30,90,2.878343e+02
21,30,100,2.835589e+02
21,30,1,6.248742e+02
21,30,2,6.093653e+02
21,30,3,5.745600e+02
21,30,5,3.927635e+02
21,30,10,3.357592e+02
21,30,20,2.920117e+02
21,30,30,2.905283e+02
21,30,40,2.886280e+02
21,30,50,2.869818e+02
21,30,60,2.859790e+02
21,30,70,2.843594e+02
21,30,80,2.831657e+02
21,30,90,2.805966e+02
21,30,100,2.786574e+02
21,30,1,7.189278e+02
21,30,2,6.188779e+02
21,30,3,5.275112e+02
21,30,5,4.869355e+02
21,30,10,4.621480e+02
21,30,20,4.297786e+02
21,30,30,4.264291e+02
21,30,40,4.192566e+02
21,30,50,4.168007e+02
21,30,60,4.117746e+02
21,30,70,4.091166e+02
21,30,80,4.060697e+02
21,30,90,4.010369e+02
21,30,100,3.972225e+02
21,30,1,6.933615e+02
21,30,2,6.008494e+02
21,30,3,5.398964e+02
21,30,5,4.766575e+02
21,30,10,4.380148e+02
21,30,20,3.728126e+02
21,30,30,3.603661e+02
21,30,40,3.564392e+02
21,30,50,3.535287e+02
21,30,60,3.518856e+02
21,30,70,3.457796e+02
21,30,80,3.440719e+02
21,30,90,3.420288e+02
21,30,100,3.374825e+02
21,30,1,6.873812e+02
21,30,2,6.173127e+02
21,30,3,5.912733e+02
21,30,5,4.803415e+02
21,30,10,4.586528e+02
21,30,20,4.164025e+02
21,30,30,4.137311e+02
21,30,40,4.105725e+02
21,30,50,4.071796e+02
21,30,60,4.038338e+02
21,30,70,4.015346e+02
21,30,80,3.979597e+02
21,30,90,3.951103e+02
21,30,100,3.928408e+02
