funcid,dim,milestone,error
26,10,1,2.445717e+03
26,10,2,2.297831e+03
26,10,3,1.954667e+03
26,10,5,1.204410e+03
26,10,10,1.013725e+03
26,10,20,6.167773e+02
26,10,30,5.085382e+02
26,10,40,5.070861e+02
26,10,50,5.042308e+02
26,10,60,5.030391e+02
26,10,70,5.016039e+02
26,10,80,5.009107e+02
26,10,90,5.000830e+02
26,10,100,4.962420e+02
26,10,1,2.314893e+03
26,10,2,1.975065e+03
26,10,3,1.705426e+03
26,10,5,1.236880e+03
26,10,10,1.012557e+03
26,10,20,6.270930e+02
26,10,30,6.021949e+02
26,10,40,5.967075e+02
26,10,50,5.948914e+02
26,10,60,5.918810e+02
26,10,70,5.895015e+02
26,10,80,5.877224e+02
26,10,90,5.858656e+02
26,10,100,5.837362e+02
26,10,1,2.447593e+03
26,10,2,2.131695e+03
26,10,3,2.076445e+03
26,10,5,1.440061e+03
26,10,10,4.362788e+02
26,10,20,4.296169e+02
26,10,30,4.286613e+02
26,10,40,4.270777e+02
26,10,50,4.261529e+02
26,10,60,4.188736e+02
26,10,70,4.135352e+02
26,10,80,4.072323e+02
26,10,90,4.015664e+02
26,10,100,3.991870e+02
26,10,1,1.469414e+03
26,10,2,1.411003e+03
26,10,3,1.355284e+03
26,10,5,1.086448e+03
26,10,10,7.973698e+02
26,10,20,7.888202e+02
26,10,30,7.857345e+02
26,10,40,7.838287e+02
26,10,50,7.810338e+02
26,10,60,7.802050e+02
26,10,70,7.789730e+02
26,10,80,7.778691e+02
26,10,90,7.768387e+02
26,10,100,7.755071e+02
26,10,1,1.558330e+03
26,10,2,1.441984e+03
26,10,3,1.406985e+03
26,10,5,1.341977e+03
26,10,10,1.050578e+03
26,10,20,8.734616e+02
26,10,30,6.076488e+02
26,10,40,5.815107e+02
26,10,50,5.742179e+02
26,10,60,5.702830e+02
26,10,70,5.648540e+02
26,10,80,5.637638e+02
26,10,90,5.612836e+02
26,10,100,5.607562e+02
26,10,1,2.222874e+03
26,10,2,1.718912e+03
26,10,3,1.707939e+03
26,10,5,1.496070e+03
26,10,10,1.177868e+03
26,10,20,9.286244e+02
26,10,30,8.982602e+02
26,10,40,8.891867e+02
26,10,50,8.865539e+02
26,10,60,6.968863e+02
26,10,70,6.825579e+02
26,10,80,6.767299e+02
26,10,90,6.680149e+02
26,10,100,6.667095e+02
26,10,1,1.983385e+03
26,10,2,1.976209e+03
26,10,3,1.824084e+03
26,10,5,1.818341e+03
26,10,10,9.027726e+02
26,10,20,7.869521e+02
26,10,30,7.409748e+02
26,10,40,6.061991e+02
26,10,50,5.915807e+02
26,10,60,5.512574e+02
26,10,70,5.498292e+02
26,10,80,5.487906e+02
26,10,90,5.476911e+02
26,10,100,5.446094e+02
26,10,1,1.970378e+03
26,10,2,1.903604e+03
26,10,3,1.901859e+03
26,10,5,1.588654e+03
26,10,10,1.325769e+03
26,10,20,9.838716e+02
26,10,30,8.594792e+02
26,10,40,8.484927e+02
26,10,50,8.449034e+02
26,10,60,8.442475e+02
26,10,70,8.427560e+02
26,10,80,8.418564e+02
26,10,90,8.413183e+02
26,10,100,8.404328e+02
26,10,1,2.083413e+03
26,10,2,1.685612e+03
26,10,3,1.682386e+03
26,10,5,1.260018e+03
26,10,10,9.555466e+02
26,10,20,5.829711e+02
26,10,30,5.819485e+02
26,10,40,5.814027e+02
26,10,50,5.808068e+02
26,10,60,5.797434e+02
26,10,70,5.794305e+02
26,10,80,5.792074e+02
26,10,90,5.784767e+02
26,10,100,5.780828e+02
26,10,1,2.223779e+03
26,10,2,1.991171e+03
26,10,3,1.812814e+03
26,10,5,1.811323e+03
26,10,10,1.416965e+03
26,10,20,5.631111e+02
26,10,30,5.549819e+02
26,10,40,5.538666e+02
26,10,50,5.514829e+02
26,10,60,5.496447e+02
26,10,70,5.474478e+02
26,10,80,5.465915e+02
26,10,90,5.444743e+02
26,10,100,5.434320e+02
26,10,1,1.956873e+03
26,10,2,1.956705e+03
26,10,3,1.634872e+03
26,10,5,1.258549e+03
26,10,10,1.219627e+03
26,10,20,1.000258e+03
26,10,30,6.037771e+02
26,10,40,6.004842e+02
26,10,50,5.993637e+02
26,10,60,5.989515e+02
26,10,70,5.973459e+02
26,10,80,5.966852e+02
26,10,90,5.961199e+02
26,10,100,5.957203e+02
26,10,1,2.314727e+03
26,10,2,2.129108e+03
26,10,3,1.887419e+03
26,10,5,1.750227e+03
26,10,10,1.091543e+03
26,10,20,7.232510e+02
26,10,30,5.935699e+02
26,10,40,5.704094e+02
26,10,50,5.650853e+02
26,10,60,5.602622e+02
26,10,70,5.570580e+02
26,10,80,5.275307e+02
26,10,90,5.195746e+02
26,10,100,5.140591e+02
26,10,1,1.210631e+03
26,10,2,1.178007e+03
26,10,3,1.174559e+03
26,10,5,9.821410e+02
26,10,10,8.164653e+02
26,10,20,2.069426e+02
26,10,30,1.968264e+02
26,10,40,1.942752e+02
26,10,50,1.929470e+02
26,10,60,1.897561e+02
26,10,70,1.888417e+02
26,10,80,1.880709e+02
26,10,90,1.874480e+02
26,10,100,1.865548e+02
26,10,1,2.282799e+03
26,10,2,2.190963e+03
26,10,3,2.188714e+03
26,10,5,1.855499e+03
26,10,10,1.365608e+03
26,10,20,9.359286e+02
26,10,30,9.020287e+02
26,10,40,8.712046e+02
26,10,50,8.674375e+02
26,10,60,8.660990e+02
26,10,70,8.621663e+02
26,10,80,8.603794e+02
26,10,90,8.579585e+02
26,10,100,8.558728e+02
26,10,1,2.137001e+03
26,10,2,2.104641e+03
26,10,3,1.810592e+03
26,10,5,1.192129e+03
26,10,10,7.851462e+02
26,10,20,6.264797e+02
26,10,30,6.221980e+02
26,10,40,6.188482e+02
26,10,50,6.166044e+02
26,10,60,6.165788e+02
26,10,70,6.158954e+02
26,10,80,6.145202e+02
26,10,90,6.131040e+02
26,10,100,6.116309e+02
26,10,1,2.074845e+03
26,10,2,1.981308e+03
26,10,3,1.807737e+03
26,10,5,1.197416e+03
26,10,10,1.106815e+03
26,10,20,5.901700e+02
26,10,30,5.632447e+02
26,10,40,5.609483e+02
26,10,50,5.603823e+02
26,10,60,5.598932e+02
26,10,70,5.595046e+02
26,10,80,5.591702e+02
26,10,90,5.588838e+02
26,10,100,5.584518e+02
26,10,1,1.921648e+03
26,10,2,1.905648e+03
26,10,3,1.713434e+03
26,10,5,1.174772e+03
26,10,10,9.644814e+02
26,10,20,8.626997e+02
26,10,30,7.643421e+02
26,10,40,7.537210e+02
26,10,50,7.522582e+02
26,10,60,7.506776e+02
26,10,70,7.490661e+02
26,10,80,7.486027e+02
26,10,90,7.475335e+02
26,10,100,7.456491e+02
26,10,1,2.157917e+03
26,10,2,2.118533e+03
26,10,3,1.908700e+03
26,10,5,1.551575e+03
26,10,10,9.033297e+02
26,10,20,6.452613e+02
26,10,30,6.249876e+02
26,10,40,6.188272e+02
26,10,50,6.133164e+02
26,10,60,6.078874e+02
26,10,70,6.023955e+02
26,10,80,6.000044e+02
26,10,90,5.955445e+02
26,10,100,5.923083e+02
26,10,1,2.173988e+03
26,10,2,1.865134e+03
26,10,3,1.846734e+03
26,10,5,1.587113e+03
26,10,10,1.263438e+03
26,10,20,9.614794e+02
26,10,30,6.470748e+02
26,10,40,6.374693e+02
26,10,50,5.820543e+02
26,10,60,5.592706e+02
26,10,70,5.520638e+02
26,10,80,5.439405e+02
26,10,90,5.424508e+02
26,10,100,5.405083e+02
26,10,1,1.982650e+03
26,10,2,1.981048e+03
26,10,3,1.744789e+03
26,10,5,9.873427e+02
26,10,10,8.285107e+02
26,10,20,5.699158e+02
26,10,30,5.336949e+02
26,10,40,5.289418e+02
26,10,50,5.015776e+02
26,10,60,4.989841e+02
26,10,70,4.973153e+02
26,10,80,4.965558e+02
26,10,90,4.961123e+02
26,10,100,4.955033e+02
26,10,1,1.324009e+03
26,10,2,1.289102e+03
26,10,3,1.286209e+03
26,10,5,1.237050e+03
26,10,10,8.551540e+02
26,10,20,6.493781e+02
26,10,30,6.472644e+02
26,10,40,6.407219e+02
26,10,50,6.401810e+02
26,10,60,6.395275e+02
26,10,70,6.384357e+02
26,10,80,6.379561e+02
26,10,90,6.374325e+02
26,10,100,6.365967e+02
26,10,1,1.608621e+03
26,10,2,1.608621e+03
26,10,3,1.605359e+03
26,10,5,1.549271e+03
26,10,10,9.856438e+02
26,10,20,7.054704e+02
26,10,30,6.955517e+02
26,10,40,6.927014e+02
26,10,50,6.915524e+02
26,10,60,6.896669e+02
26,10,70,6.871369e+02
26,10,80,6.866840e+02
26,10,90,6.849099e+02
26,10,100,6.834068e+02
26,10,1,2.058913e+03
26,10,2,1.584130e+03
26,10,3,1.206954e+03
26,10,5,7.998349e+02
26,10,10,6.338940e+02
26,10,20,5.760909e+02
26,10,30,5.755163e+02
26,10,40,5.741340e+02
26,10,50,5.735101e+02
26,10,60,5.732258e+02
26,10,70,5.729630e+02
26,10,80,5.721040e+02
26,10,90,5.657671e+02
26,10,100,5.646675e+02
26,10,1,1.724775e+03
26,10,2,1.466354e+03
26,10,3,1.465849e+03
26,10,5,1.024663e+03
26,10,10,7.063437e+02
26,10,20,5.590387e+02
26,10,30,5.506965e+02
26,10,40,5.417587e+02
26,10,50,5.393217e+02
26,10,60,5.319137e+02
26,10,70,5.291594e+02
26,10,80,5.235223e+02
26,10,90,5.179520e+02
26,10,100,5.143813e+02
26,10,1,2.157300e+03
26,10,2,1.997208e+03
26,10,3,1.577342e+03
26,10,5,1.529561e+03
26,10,10,1.504810e+03
26,10,20,1.210629e+03
26,10,30,1.045405e+03
26,10,40,8.617198e+02
26,10,50,7.281226e+02
26,10,60,7.246918e+02
26,10,70,7.237599e+02
26,10,80,7.216368e+02
26,10,90,7.147540e+02
26,10,100,7.114998e+02
26,10,1,1.624420e+03
26,10,2,1.618314e+03
26,10,3,1.550494e+03
26,10,5,1.414720e+03
26,10,10,8.967524e+02
26,10,20,6.535249e+02
26,10,30,5.716062e+02
26,10,40,5.636623e+02
26,10,50,5.617596e+02
26,10,60,5.595852e+02
26,10,70,5.588156e+02
26,10,80,5.576528e+02
26,10,90,5.549060e+02
26,10,100,5.545404e+02
26,10,1,1.811712e+03
26,10,2,1.793874e+03
26,10,3,1.683836e+03
26,10,5,1.197423e+03
26,10,10,9.322473e+02
26,10,20,8.868494e+02
26,10,30,8.556664e+02
26,10,40,8.342101e+02
26,10,50,8.306004e+02
26,10,60,8.256949e+02
26,10,70,8.247618e+02
26,10,80,8.224561e+02
26,10,90,8.191878e+02
26,10,100,8.155065e+02
26,10,1,1.533528e+03
26,10,2,1.531325e+03
26,10,3,1.203506e+03
26,10,5,1.176876e+03
26,10,10,8.217962e+02
26,10,20,8.203437e+02
26,10,30,8.184704e+02
26,10,40,8.159760e+02
26,10,50,8.138865e+02
26,10,60,8.105215e+02
26,10,70,8.096001e+02
26,10,80,8.077828e+02
26,10,90,8.058225e+02
26,10,100,8.017380e+02
26,10,1,2.065891e+03
26,10,2,2.047998e+03
26,10,3,2.042033e+03
26,10,5,1.610675e+03
26,10,10,1.219865e+03
26,10,20,8.728933e+02
26,10,30,6.362871e+02
26,10,40,6.081822e+02
26,10,50,6.054259e+02
26,10,60,6.028681e+02
26,10,70,5.989147e+02
26,10,80,5.965871e+02
26,10,90,5.949140e+02
26,10,100,5.905586e+02
26,10,1,1.410234e+03
26,10,2,1.273955e+03
26,10,3,1.207467e+03
26,10,5,9.995619e+02
26,10,10,8.567897e+02
26,10,20,5.715786e+02
26,10,30,5.693157e+02
26,10,40,5.683252e+02
26,10,50,5.678397e+02
26,10,60,5.672223e+02
26,10,70,5.666404e+02
26,10,80,5.656629e+02
26,10,90,5.634474e+02
26,10,100,5.629074e+02
26,10,1,2.091437e+03
26,10,2,2.056229e+03
26,10,3,2.003903e+03
26,10,5,1.968181e+03
26,10,10,1.094248e+03
26,10,20,8.887843e+02
26,10,30,8.487043e+02
26,10,40,8.474662e+02
26,10,50,8.329250e+02
26,10,60,8.266993e+02
26,10,70,8.241281e+02
26,10,80,8.218780e+02
26,10,90,8.187864e+02
26,10,100,8.174976e+02
