funcid,dim,milestone,error
24,50,1,9.749997e+02
24,50,2,9.560307e+02
24,50,3,9.554914e+02
24,50,5,9.554896e+02
24,50,10,9.554895e+02
24,50,20,9.554895e+02
24,50,30,9.554895e+02
24,50,40,9.554895e+02
24,50,50,9.554895e+02
24,50,60,9.554895e+02
24,50,70,9.554895e+02
24,50,80,9.554895e+02
24,50,90,9.554895e+02
24,50,100,9.554895e+02
24,50,1,1.150796e+03
24,50,2,1.132101e+03
24,50,3,1.129731e+03
24,50,5,1.127648e+03
24,50,10,1.127648e+03
24,50,20,1.127648e+03
24,50,30,1.127648e+03
24,50,40,1.127648e+03
24,50,50,1.127648e+03
24,50,60,1.127648e+03
24,50,70,1.127648e+03
24,50,80,1.127648e+03
24,50,90,1.127648e+03
24,50,100,1.127648e+03
24,50,1,1.045492e+03
24,50,2,1.034868e+03
24,50,3,1.034424e+03
24,50,5,1.034409e+03
24,50,10,1.034409e+03
24,50,20,1.034409e+03
24,50,30,1.034409e+03
24,50,40,1.034409e+03
24,50,50,1.034409e+03
24,50,60,1.034409e+03
24,50,70,1.034409e+03
24,50,80,1.034409e+03
24,50,90,1.034409e+03
24,50,100,1.034409e+03
24,50,1,1.062734e+03
24,50,2,1.057970e+03
24,50,3,1.053707e+03
24,50,5,1.048172e+03
24,50,10,1.048172e+03
24,50,20,1.048172e+03
24,50,30,1.048172e+03
24,50,40,1.048172e+03
24,50,50,1.048172e+03
24,50,60,1.048172e+03
24,50,70,1.048172e+03
24,50,80,1.048172e+03
24,50,90,1.048172e+03
24,50,100,1.048172e+03
24,50,1,1.044841e+03
24,50,2,1.028249e+03
24,50,3,1.027711e+03
24,50,5,1.027232e+03
24,50,10,1.027023e+03
24,50,20,1.027023e+03
24,50,30,1.027023e+03
24,50,40,1.027023e+03
24,50,50,1.027023e+03
24,50,60,1.027023e+03
24,50,70,1.027023e+03
24,50,80,1.027023e+03
24,50,90,1.027023e+03
24,50,100,1.027023e+03
24,50,1,1.143633e+03
24,50,2,1.141385e+03
24,50,3,1.123867e+03
24,50,5,1.123673e+03
24,50,10,1.123673e+03
24,50,20,1.123673e+03
24,50,30,1.123673e+03
24,50,40,1.123673e+03
24,50,50,1.123673e+03
24,50,60,1.123673e+03
24,50,70,1.123673e+03
24,50,80,1.123673e+03
24,50,90,1.123673e+03
24,50,100,1.123673e+03
24,50,1,1.187037e+03
24,50,2,1.143389e+03
24,50,3,1.142050e+03
24,50,5,1.141137e+03
24,50,10,1.141137e+03
24,50,20,1.141137e+03
24,50,30,1.141137e+03
24,50,40,1.141137e+03
24,50,50,1.141137e+03
24,50,60,1.141137e+03
24,50,70,1.141137e+03
24,50,80,1.141137e+03
24,50,90,1.141137e+03
24,50,100,1.141137e+03
24,50,1,1.062111e+03
24,50,2,1.033501e+03
24,50,3,1.032160e+03
24,50,5,1.032141e+03
24,50,10,1.032141e+03
24,50,20,1.032141e+03
24,50,30,1.032141e+03
24,50,40,1.032141e+03
24,50,50,1.032141e+03
24,50,60,1.032141e+03
24,50,70,1.032141e+03
24,50,80,1.032141e+03
24,50,90,1.032141e+03
24,50,100,1.032141e+03
24,50,1,1.121541e+03
24,50,2,1.085253e+03
24,50,3,1.056978e+03
24,50,5,1.056280e+03
24,50,10,1.056280e+03
24,50,20,1.056280e+03
24,50,30,1.056280e+03
24,50,40,1.056280e+03
24,50,50,1.056280e+03
24,50,60,1.056280e+03
24,50,70,1.056280e+03
24,50,80,1.056280e+03
24,50,90,1.056280e+03
24,50,100,1.056280e+03
24,50,1,1.378053e+03
24,50,2,1.369173e+03
24,50,3,1.369144e+03
24,50,5,1.369144e+03
24,50,10,1.369144e+03
24,50,20,1.369144e+03
24,50,30,1.369144e+03
24,50,40,1.369144e+03
24,50,50,1.369144e+03
24,50,60,1.369144e+03
24,50,70,1.369144e+03
24,50,80,1.369144e+03
24,50,90,1.369144e+03
24,50,100,1.369144e+03
24,50,1,1.108306e+03
24,50,2,1.107315e+03
24,50,3,1.107313e+03
24,50,5,1.107313e+03
24,50,10,1.107313e+03
24,50,20,1.107313e+03
24,50,30,1.107313e+03
24,50,40,1.107313e+03
24,50,50,1.107313e+03
24,50,60,1.107313e+03
24,50,70,1.107313e+03
24,50,80,1.107313e+03
24,50,90,1.107313e+03
24,50,100,1.107313e+03
24,50,1,1.080021e+03
24,50,2,9.803509e+02
24,50,3,9.760933e+02
24,50,5,9.742122e+02
24,50,10,9.705841e+02
24,50,20,9.705841e+02
24,50,30,9.705841e+02
24,50,40,9.705841e+02
24,50,50,9.705841e+02
24,50,60,9.705841e+02
24,50,70,9.705841e+02
24,50,80,9.705841e+02
24,50,90,9.705841e+02
24,50,100,9.705841e+02
24,50,1,9.356843e+02
24,50,2,9.077427e+02
24,50,3,9.065423e+02
24,50,5,9.065397e+02
24,50,10,9.065397e+02
24,50,20,9.065397e+02
24,50,30,9.065397e+02
24,50,40,9.065397e+02
24,50,50,9.065397e+02
24,50,60,9.065397e+02
24,50,70,9.065397e+02
24,50,80,9.065397e+02
24,50,90,9.065397e+02
24,50,100,9.065397e+02
24,50,1,1.272397e+03
24,50,2,1.255530e+03
24,50,3,1.255501e+03
24,50,5,1.255501e+03
24,50,10,1.255501e+03
24,50,20,1.255501e+03
24,50,30,1.255501e+03
24,50,40,1.255501e+03
24,50,50,1.255501e+03
24,50,60,1.255501e+03
24,50,70,1.255501e+03
24,50,80,1.255501e+03
24,50,90,1.255501e+03
24,50,100,1.255501e+03
24,50,1,1.344630e+03
24,50,2,1.332907e+03
24,50,3,1.291091e+03
24,50,5,1.248026e+03
24,50,10,1.248025e+03
24,50,20,1.248025e+03
24,50,30,1.248025e+03
24,50,40,1.248025e+03
24,50,50,1.248025e+03
24,50,60,1.248025e+03
24,50,70,1.248025e+03
24,50,80,1.248025e+03
24,50,90,1.248025e+03
24,50,100,1.248025e+03
24,50,1,1.263005e+03
24,50,2,1.181766e+03
24,50,3,1.164610e+03
24,50,5,1.162094e+03
24,50,10,1.162094e+03
24,50,20,1.162094e+03
24,50,30,1.162094e+03
24,50,40,1.162094e+03
24,50,50,1.162094e+03
24,50,60,1.162094e+03
24,50,70,1.162094e+03
24,50,80,1.162094e+03
24,50,90,1.162094e+03
24,50,100,1.162094e+03
24,50,1,1.256789e+03
24,50,2,1.232975e+03
24,50,3,1.232483e+03
24,50,5,1.227314e+03
24,50,10,1.227314e+03
24,50,20,1.227314e+03
24,50,30,1.227314e+03
24,50,40,1.227314e+03
24,50,50,1.227314e+03
24,50,60,1.227314e+03
24,50,70,1.227314e+03
24,50,80,1.227314e+03
24,50,90,1.227314e+03
24,50,100,1.227314e+03
24,50,1,1.065104e+03
24,50,2,1.012359e+03
24,50,3,9.933219e+02
24,50,5,9.929066e+02
24,50,10,9.929066e+02
24,50,20,9.929066e+02
24,50,30,9.929066e+02
24,50,40,9.929066e+02
24,50,50,9.929066e+02
24,50,60,9.929066e+02
24,50,70,9.929066e+02
24,50,80,9.929066e+02
24,50,90,9.929066e+02
24,50,100,9.929066e+02
24,50,1,1.183172e+03
24,50,2,1.172873e+03
24,50,3,1.172866e+03
24,50,5,1.172866e+03
24,50,10,1.172866e+03
24,50,20,1.172866e+03
24,50,30,1.172866e+03
24,50,40,1.172866e+03
24,50,50,1.172866e+03
24,50,60,1.172866e+03
24,50,70,1.172866e+03
24,50,80,1.172866e+03
24,50,90,1.172866e+03
24,50,100,1.172866e+03
24,50,1,9.863656e+02
24,50,2,9.743922e+02
24,50,3,9.740882e+02
24,50,5,9.740796e+02
24,50,10,9.740795e+02
24,50,20,9.740795e+02
24,50,30,9.740795e+02
24,50,40,9.740795e+02
24,50,50,9.740795e+02
24,50,60,9.740795e+02
24,50,70,9.740795e+02
24,50,80,9.740795e+02
24,50,90,9.740795e+02
24,50,100,9.740795e+02
24,50,1,9.316196e+02
24,50,2,9.115770e+02
24,50,3,9.114256e+02
24,50,5,9.114239e+02
24,50,10,9.114239e+02
24,50,20,9.114239e+02
24,50,30,9.114239e+02
24,50,40,9.114239e+02
24,50,50,9.114239e+02
24,50,60,9.114239e+02
24,50,70,9.114239e+02
24,50,80,9.114239e+02
24,50,90,9.114239e+02
24,50,100,9.114239e+02
24,50,1,1.057346e+03
24,50,2,1.048226e+03
24,50,3,1.046004e+03
24,50,5,1.041366e+03
24,50,10,1.041366e+03
24,50,20,1.041366e+03
24,50,30,1.041366e+03
24,50,40,1.041366e+03
24,50,50,1.041366e+03
24,50,60,1.041366e+03
24,50,70,1.041366e+03
24,50,80,1.041366e+03
24,50,90,1.041366e+03
24,50,100,1.041366e+03
24,50,1,9.850029e+02
24,50,2,9.443499e+02
24,50,3,9.372531e+02
24,50,5,9.371662e+02
24,50,10,9.325978e+02
24,50,20,9.325975e+02
24,50,30,9.325975e+02
24,50,40,9.325975e+02
24,50,50,9.325975e+02
24,50,60,9.325975e+02
24,50,70,9.325975e+02
24,50,80,9.325975e+02
24,50,90,9.325975e+02
24,50,100,9.325975e+02
24,50,1,1.109321e+03
24,50,2,1.092521e+03
24,50,3,1.088293e+03
24,50,5,1.087284e+03
24,50,10,1.087258e+03
24,50,20,1.087258e+03
24,50,30,1.087258e+03
24,50,40,1.087258e+03
24,50,50,1.087258e+03
24,50,60,1.087258e+03
24,50,70,1.087258e+03
24,50,80,1.087258e+03
24,50,90,1.087258e+03
24,50,100,1.087258e+03
24,50,1,1.247669e+03
24,50,2,1.244370e+03
24,50,3,1.244361e+03
24,50,5,1.244361e+03
24,50,10,1.244361e+03
24,50,20,1.244361e+03
24,50,30,1.244361e+03
24,50,40,1.244361e+03
24,50,50,1.244361e+03
24,50,60,1.244361e+03
24,50,70,1.244361e+03
24,50,80,1.244361e+03
24,50,90,1.244361e+03
24,50,100,1.244361e+03
24,50,1,1.280626e+03
24,50,2,1.232214e+03
24,50,3,1.230837e+03
24,50,5,1.230779e+03
24,50,10,1.223265e+03
24,50,20,1.223265e+03
24,50,30,1.223265e+03
24,50,40,1.223265e+03
24,50,50,1.223265e+03
24,50,60,1.223265e+03
24,50,70,1.223265e+03
24,50,80,1.223265e+03
24,50,90,1.223265e+03
24,50,100,1.223265e+03
24,50,1,1.016175e+03
24,50,2,9.779648e+02
24,50,3,9.764751e+02
24,50,5,9.764689e+02
24,50,10,9.764689e+02
24,50,20,9.764689e+02
24,50,30,9.764689e+02
24,50,40,9.764689e+02
24,50,50,9.764689e+02
24,50,60,9.764689e+02
24,50,70,9.764689e+02
24,50,80,9.764689e+02
24,50,90,9.764689e+02
24,50,100,9.764689e+02
24,50,1,1.321153e+03
24,50,2,1.314862e+03
24,50,3,1.314802e+03
24,50,5,1.314802e+03
24,50,10,1.314802e+03
24,50,20,1.314802e+03
24,50,30,1.314802e+03
24,50,40,1.314802e+03
24,50,50,1.314802e+03
24,50,60,1.314802e+03
24,50,70,1.314802e+03
24,50,80,1.314802e+03
24,50,90,1.314802e+03
24,50,100,1.314802e+03
24,50,1,1.327481e+03
24,50,2,1.320985e+03
24,50,3,1.320920e+03
24,50,5,1.320919e+03
24,50,10,1.320919e+03
24,50,20,1.320919e+03
24,50,30,1.320919e+03
24,50,40,1.320919e+03
24,50,50,1.320919e+03
24,50,60,1.320919e+03
24,50,70,1.320919e+03
24,50,80,1.320919e+03
24,50,90,1.320919e+03
24,50,100,1.320919e+03
24,50,1,1.352056e+03
24,50,2,1.276036e+03
24,50,3,1.255018e+03
24,50,5,1.254863e+03
24,50,10,1.254863e+03
24,50,20,1.254863e+03
24,50,30,1.254863e+03
24,50,40,1.254863e+03
24,50,50,1.254863e+03
24,50,60,1.254863e+03
24,50,70,1.254863e+03
24,50,80,1.254863e+03
24,50,90,1.254863e+03
24,50,100,1.254863e+03
24,50,1,9.848631e+02
24,50,2,9.107801e+02
24,50,3,9.035613e+02
24,50,5,9.034261e+02
24,50,10,9.034261e+02
24,50,20,9.034261e+02
24,50,30,9.034261e+02
24,50,40,9.034261e+02
24,50,50,9.034261e+02
24,50,60,9.034261e+02
24,50,70,9.034261e+02
24,50,80,9.034261e+02
24,50,90,9.034261e+02
24,50,100,9.034261e+02
