funcid,dim,milestone,error
9,50,1,2.010781e+04
9,50,2,1.543371e+04
9,50,3,1.082324e+04
9,50,5,8.959863e+03
9,50,10,7.238678e+03
9,50,20,7.193334e+03
9,50,30,7.192988e+03
9,50,40,6.639603e+03
9,50,50,6.613270e+03
9,50,60,6.613255e+03
9,50,70,6.613231e+03
9,50,80,6.613199e+03
9,50,90,6.613187e+03
9,50,100,6.613175e+03
9,50,1,2.844310e+04
9,50,2,2.314476e+04
9,50,3,1.857893e+04
9,50,5,1.232086e+04
9,50,10,1.009249e+04
9,50,20,9.962550e+03
9,50,30,9.960941e+03
9,50,40,9.960809e+03
9,50,50,9.960728e+03
9,50,60,9.960700e+03
9,50,70,9.960685e+03
9,50,80,9.960674e+03
9,50,90,9.960663e+03
9,50,100,9.960651e+03
9,50,1,2.476456e+04
9,50,2,2.020143e+04
9,50,3,1.616892e+04
9,50,5,1.044685e+04
9,50,10,7.279151e+03
9,50,20,7.061261e+03
9,50,30,6.837076e+03
9,50,40,6.836855e+03
9,50,50,6.836744e+03
9,50,60,6.836686e+03
9,50,70,6.836646e+03
9,50,80,6.836615e+03
9,50,90,6.836589e+03
9,50,100,6.836560e+03
9,50,1,1.637843e+04
9,50,2,1.528084e+04
9,50,3,1.253969e+04
9,50,5,6.415354e+03
9,50,10,5.776470e+03
9,50,20,5.728853e+03
9,50,30,5.724967e+03
9,50,40,5.723799e+03
9,50,50,5.723470e+03
9,50,60,5.723337e+03
9,50,70,5.723229e+03
9,50,80,5.723158e+03
9,50,90,5.723124e+03
9,50,100,5.723110e+03
9,50,1,9.141848e+03
9,50,2,6.889555e+03
9,50,3,4.346723e+03
9,50,5,2.776352e+03
9,50,10,2.365737e+03
9,50,20,2.216121e+03
9,50,30,2.213221e+03
9,50,40,2.212933e+03
9,50,50,2.212867e+03
9,50,60,2.212800e+03
9,50,70,2.212741e+03
9,50,80,2.212724e+03
9,50,90,2.212719e+03
9,50,100,2.212713e+03
9,50,1,1.126857e+04
9,50,2,7.824817e+03
9,50,3,4.750296e+03
9,50,5,1.761126e+03
9,50,10,1.513741e+03
9,50,20,1.506304e+03
9,50,30,1.500205e+03
9,50,40,1.497595e+03
9,50,50,1.497159e+03
9,50,60,1.497026e+03
9,50,70,1.496866e+03
9,50,80,1.496773e+03
9,50,90,1.496698e+03
9,50,100,1.496675e+03
9,50,1,1.729937e+04
9,50,2,1.383331e+04
9,50,3,1.100395e+04
9,50,5,7.847251e+03
9,50,10,4.877004e+03
9,50,20,4.626242e+03
9,50,30,4.367491e+03
9,50,40,4.367133e+03
9,50,50,4.367016e+03
9,50,60,4.366904e+03
9,50,70,4.366798e+03
9,50,80,4.366754e+03
9,50,90,4.366728e+03
9,50,100,4.366715e+03
9,50,1,2.114330e+04
9,50,2,1.055033e+04
9,50,3,9.863688e+03
9,50,5,4.173644e+03
9,50,10,3.559446e+03
9,50,20,3.531642e+03
9,50,30,3.530696e+03
9,50,40,3.529041e+03
9,50,50,3.528659e+03
9,50,60,3.528570e+03
9,50,70,3.528529e+03
9,50,80,3.528469e+03
9,50,90,3.528441e+03
9,50,100,3.528416e+03
9,50,1,2.495092e+04
9,50,2,1.763512e+04
9,50,3,1.762419e+04
9,50,5,9.232322e+03
9,50,10,7.021446e+03
9,50,20,6.836469e+03
9,50,30,6.833677e+03
9,50,40,6.829887e+03
9,50,50,6.828612e+03
9,50,60,6.827575e+03
9,50,70,6.826528e+03
9,50,80,6.826423e+03
9,50,90,6.826284e+03
9,50,100,6.826273e+03
9,50,1,2.376999e+04
9,50,2,1.768311e+04
9,50,3,1.459832e+04
9,50,5,7.947124e+03
9,50,10,6.353553e+03
9,50,20,6.273941e+03
9,50,30,6.262466e+03
9,50,40,6.257352e+03
9,50,50,6.256348e+03
9,50,60,6.198788e+03
9,50,70,6.194930e+03
9,50,80,6.194717e+03
9,50,90,6.194611e+03
9,50,100,6.194567e+03
9,50,1,1.759752e+04
9,50,2,1.513828e+04
9,50,3,1.022454e+04
9,50,5,6.262870e+03
9,50,10,5.842888e+03
9,50,20,5.819317e+03
9,50,30,5.506409e+03
9,50,40,5.501871e+03
9,50,50,5.500743e+03
9,50,60,5.499915e+03
9,50,70,5.498689e+03
9,50,80,5.498235e+03
9,50,90,5.498046e+03
9,50,100,5.497826e+03
9,50,1,3.584889e+04
9,50,2,2.742813e+04
9,50,3,2.382870e+04
9,50,5,1.671796e+04
9,50,10,9.131836e+03
9,50,20,8.812754e+03
9,50,30,8.807597e+03
9,50,40,8.806985e+03
9,50,50,8.805285e+03
9,50,60,8.800014e+03
9,50,70,8.799949e+03
9,50,80,8.799923e+03
9,50,90,8.799916e+03
9,50,100,8.799912e+03
9,50,1,1.011929e+04
9,50,2,6.897808e+03
9,50,3,6.896428e+03
9,50,5,5.074278e+03
9,50,10,3.145946e+03
9,50,20,2.681970e+03
9,50,30,2.657652e+03
9,50,40,2.656621e+03
9,50,50,2.656185e+03
9,50,60,2.655918e+03
9,50,70,2.655830e+03
9,50,80,2.655784e+03
9,50,90,2.655764e+03
9,50,100,2.655739e+03
9,50,1,2.409567e+04
9,50,2,1.622745e+04
9,50,3,1.316402e+04
9,50,5,8.672298e+03
9,50,10,5.919256e+03
9,50,20,5.474335e+03
9,50,30,5.473137e+03
9,50,40,5.473007e+03
9,50,50,5.472905e+03
9,50,60,5.472833e+03
9,50,70,5.472763e+03
9,50,80,5.472707e+03
9,50,90,5.472679e+03
9,50,100,5.472654e+03
9,50,1,2.461165e+04
9,50,2,2.077175e+04
9,50,3,1.539157e+04
9,50,5,8.510692e+03
9,50,10,7.839098e+03
9,50,20,7.809657e+03
9,50,30,7.809483e+03
9,50,40,7.809394e+03
9,50,50,7.809354e+03
9,50,60,7.809320e+03
9,50,70,7.809313e+03
9,50,80,7.809310e+03
9,50,90,7.809307e+03
9,50,100,7.809302e+03
9,50,1,1.450204e+04
9,50,2,1.093041e+04
9,50,3,8.162981e+03
9,50,5,6.677405e+03
9,50,10,6.073596e+03
9,50,20,6.048742e+03
9,50,30,6.048141e+03
9,50,40,6.047459e+03
9,50,50,6.047352e+03
9,50,60,6.047327e+03
9,50,70,6.047313e+03
9,50,80,6.047305e+03
9,50,90,6.047303e+03
9,50,100,6.047302e+03
9,50,1,1.411204e+04
9,50,2,7.175392e+03
9,50,3,5.665233e+03
9,50,5,2.833914e+03
9,50,10,2.248380e+03
9,50,20,2.231241e+03
9,50,30,2.230269e+03
9,50,40,2.230168e+03
9,50,50,2.230124e+03
9,50,60,2.230116e+03
9,50,70,2.230109e+03
9,50,80,2.230082e+03
9,50,90,2.230053e+03
9,50,100,2.230035e+03
9,50,1,1.953679e+04
9,50,2,1.004401e+04
9,50,3,8.831718e+03
9,50,5,6.019279e+03
9,50,10,5.437933e+03
9,50,20,5.388995e+03
9,50,30,5.384938e+03
9,50,40,5.384000e+03
9,50,50,5.383675e+03
9,50,60,5.383359e+03
9,50,70,5.383135e+03
9,50,80,5.383036e+03
9,50,90,5.382967e+03
9,50,100,5.382941e+03
9,50,1,8.070516e+03
9,50,2,1.911060e+03
9,50,3,1.135256e+03
9,50,5,7.854514e+02
9,50,10,7.790480e+02
9,50,20,7.755442e+02
9,50,30,7.746552e+02
9,50,40,7.745747e+02
9,50,50,7.745257e+02
9,50,60,7.745056e+02
9,50,70,7.744880e+02
9,50,80,7.744869e+02
9,50,90,7.744854e+02
9,50,100,7.744850e+02
9,50,1,9.709376e+03
9,50,2,7.783895e+03
9,50,3,6.886038e+03
9,50,5,4.091697e+03
9,50,10,3.032600e+03
9,50,20,2.989014e+03
9,50,30,2.982178e+03
9,50,40,2.981956e+03
9,50,50,2.981669e+03
9,50,60,2.981423e+03
9,50,70,2.981260e+03
9,50,80,2.981201e+03
9,50,90,2.981153e+03
9,50,100,2.981128e+03
9,50,1,1.151485e+04
9,50,2,6.474338e+03
9,50,3,5.576211e+03
9,50,5,5.131743e+03
9,50,10,5.104686e+03
9,50,20,5.096179e+03
9,50,30,5.095155e+03
9,50,40,5.095003e+03
9,50,50,5.094974e+03
9,50,60,5.094944e+03
9,50,70,5.094931e+03
9,50,80,5.094926e+03
9,50,90,5.094924e+03
9,50,100,5.094922e+03
9,50,1,1.416435e+04
9,50,2,1.149571e+04
9,50,3,8.366765e+03
9,50,5,6.488257e+03
9,50,10,6.385974e+03
9,50,20,6.353455e+03
9,50,30,6.349768e+03
9,50,40,6.346184e+03
9,50,50,6.345449e+03
9,50,60,6.345113e+03
9,50,70,6.344518e+03
9,50,80,6.344159e+03
9,50,90,6.344038e+03
9,50,100,6.343941e+03
9,50,1,2.113503e+04
9,50,2,1.326469e+04
9,50,3,1.108303e+04
9,50,5,9.093757e+03
9,50,10,8.746195e+03
9,50,20,8.719873e+03
9,50,30,8.716082e+03
9,50,40,8.715624e+03
9,50,50,8.715449e+03
9,50,60,8.715412e+03
9,50,70,8.715393e+03
9,50,80,8.715384e+03
9,50,90,8.715357e+03
9,50,100,8.715332e+03
9,50,1,2.251524e+04
9,50,2,1.109519e+04
9,50,3,9.635586e+03
9,50,5,8.638885e+03
9,50,10,8.332417e+03
9,50,20,8.286294e+03
9,50,30,8.285050e+03
9,50,40,8.284211e+03
9,50,50,8.283937e+03
9,50,60,8.283807e+03
9,50,70,8.283715e+03
9,50,80,8.283675e+03
9,50,90,8.283648e+03
9,50,100,8.283627e+03
9,50,1,1.240362e+04
9,50,2,7.167243e+03
9,50,3,4.917374e+03
9,50,5,3.691674e+03
9,50,10,3.432257e+03
9,50,20,3.426623e+03
9,50,30,3.426373e+03
9,50,40,3.426323e+03
9,50,50,3.426302e+03
9,50,60,3.426294e+03
9,50,70,3.426282e+03
9,50,80,3.426260e+03
9,50,90,3.426221e+03
9,50,100,3.426209e+03
9,50,1,1.550644e+04
9,50,2,8.437881e+03
9,50,3,6.344616e+03
9,50,5,5.647696e+03
9,50,10,5.186683e+03
9,50,20,5.168987e+03
9,50,30,5.168758e+03
9,50,40,5.155100e+03
9,50,50,5.155074e+03
9,50,60,5.155073e+03
9,50,70,5.155073e+03
9,50,80,5.155073e+03
9,50,90,5.155073e+03
9,50,100,4.839219e+03
9,50,1,1.003750e+04
9,50,2,6.972429e+03
9,50,3,5.768049e+03
9,50,5,3.370830e+03
9,50,10,3.063292e+03
9,50,20,2.701439e+03
9,50,30,2.700645e+03
9,50,40,2.700549e+03
9,50,50,2.700517e+03
9,50,60,2.700460e+03
9,50,70,2.698644e+03
9,50,80,2.698089e+03
9,50,90,2.698076e+03
9,50,100,2.698071e+03
9,50,1,2.406514e+04
9,50,2,9.840498e+03
9,50,3,6.787351e+03
9,50,5,3.706282e+03
9,50,10,3.152982e+03
9,50,20,3.132770e+03
9,50,30,3.130810e+03
9,50,40,3.130469e+03
9,50,50,3.076236e+03
9,50,60,3.076082e+03
9,50,70,3.076021e+03
9,50,80,3.075978e+03
9,50,90,3.075937e+03
9,50,100,3.041962e+03
9,50,1,3.835564e+03
9,50,2,1.967889e+03
9,50,3,1.388823e+03
9,50,5,1.091953e+03
9,50,10,1.013499e+03
9,50,20,1.007057e+03
9,50,30,1.006690e+03
9,50,40,1.006611e+03
9,50,50,1.006600e+03
9,50,60,1.006587e+03
9,50,70,1.006584e+03
9,50,80,1.006576e+03
9,50,90,1.006558e+03
9,50,100,1.006531e+03
9,50,1,8.118146e+03
9,50,2,6.757268e+03
9,50,3,5.646452e+03
9,50,5,3.192401e+03
9,50,10,2.795425e+03
9,50,20,2.726416e+03
9,50,30,2.712305e+03
9,50,40,2.207377e+03
9,50,50,2.145140e+03
9,50,60,2.144527e+03
9,50,70,2.144338e+03
9,50,80,2.144257e+03
9,50,90,2.144220e+03
9,50,100,2.144197e+03
9,50,1,1.484986e+04
9,50,2,1.235755e+04
9,50,3,6.289676e+03
9,50,5,3.842867e+03
9,50,10,3.585265e+03
9,50,20,3.566853e+03
9,50,30,3.566457e+03
9,50,40,3.566295e+03
9,50,50,3.566224e+03
9,50,60,3.566176e+03
9,50,70,3.566125e+03
9,50,80,3.566104e+03
9,50,90,3.566092e+03
9,50,100,3.566088e+03
