funcid,dim,milestone,error
10,50,1,8.906804e+03
10,50,2,6.554617e+03
10,50,3,6.052343e+03
10,50,5,5.973368e+03
10,50,10,5.965450e+03
10,50,20,5.964892e+03
10,50,30,5.964804e+03
10,50,40,5.964790e+03
10,50,50,5.964784e+03
10,50,60,5.964784e+03
10,50,70,5.964784e+03
10,50,80,5.964784e+03
10,50,90,5.964784e+03
10,50,100,5.964784e+03
10,50,1,9.385726e+03
10,50,2,7.259154e+03
10,50,3,6.886206e+03
10,50,5,6.830736e+03
10,50,10,6.827478e+03
10,50,20,6.825882e+03
10,50,30,6.825803e+03
10,50,40,6.825779e+03
10,50,50,6.825758e+03
10,50,60,6.825726e+03
10,50,70,6.825693e+03
10,50,80,6.825689e+03
10,50,90,6.825686e+03
10,50,100,6.825676e+03
10,50,1,1.199297e+04
10,50,2,6.487381e+03
10,50,3,5.424362e+03
10,50,5,5.185923e+03
10,50,10,5.176338e+03
10,50,20,5.174765e+03
10,50,30,5.174693e+03
10,50,40,5.174685e+03
10,50,50,5.174670e+03
10,50,60,5.174648e+03
10,50,70,5.174646e+03
10,50,80,5.174637e+03
10,50,90,5.174613e+03
10,50,100,5.174607e+03
10,50,1,9.123812e+03
10,50,2,6.710598e+03
10,50,3,6.438992e+03
10,50,5,6.355429e+03
10,50,10,6.346390e+03
10,50,20,6.345727e+03
10,50,30,6.344518e+03
10,50,40,6.344499e+03
10,50,50,6.344155e+03
10,50,60,6.344138e+03
10,50,70,6.344137e+03
10,50,80,6.344136e+03
10,50,90,6.344136e+03
10,50,100,6.344136e+03
10,50,1,1.105279e+04
10,50,2,6.875513e+03
10,50,3,6.404950e+03
10,50,5,6.343474e+03
10,50,10,6.335778e+03
10,50,20,6.334940e+03
10,50,30,6.334906e+03
10,50,40,6.334903e+03
10,50,50,6.334901e+03
10,50,60,6.334892e+03
10,50,70,6.334872e+03
10,50,80,6.334853e+03
10,50,90,6.334850e+03
10,50,100,6.334850e+03
10,50,1,9.561307e+03
10,50,2,7.710674e+03
10,50,3,7.348932e+03
10,50,5,7.273523e+03
10,50,10,7.265754e+03
10,50,20,7.265237e+03
10,50,30,7.265164e+03
10,50,40,7.265149e+03
10,50,50,7.265147e+03
10,50,60,7.265147e+03
10,50,70,7.265147e+03
10,50,80,7.265147e+03
10,50,90,7.265146e+03
10,50,100,7.265146e+03
10,50,1,9.494485e+03
10,50,2,6.800661e+03
10,50,3,6.635174e+03
10,50,5,6.575625e+03
10,50,10,6.566082e+03
10,50,20,6.564490e+03
10,50,30,6.564211e+03
10,50,40,6.564149e+03
10,50,50,6.564116e+03
10,50,60,6.552696e+03
10,50,70,6.547409e+03
10,50,80,6.547400e+03
10,50,90,6.547022e+03
10,50,100,6.546968e+03
10,50,1,1.139229e+04
10,50,2,6.207060e+03
10,50,3,4.929397e+03
10,50,5,4.673265e+03
10,50,10,4.564499e+03
10,50,20,4.552379e+03
10,50,30,4.552314e+03
10,50,40,4.552314e+03
10,50,50,4.552314e+03
10,50,60,4.552314e+03
10,50,70,4.552314e+03
10,50,80,4.552314e+03
10,50,90,4.552314e+03
10,50,100,4.552314e+03
10,50,1,8.923797e+03
10,50,2,6.566756e+03
10,50,3,6.409800e+03
10,50,5,6.376257e+03
10,50,10,6.374173e+03
10,50,20,6.373595e+03
10,50,30,6.373564e+03
10,50,40,6.373562e+03
10,50,50,6.373562e+03
10,50,60,6.373561e+03
10,50,70,6.373561e+03
10,50,80,6.373561e+03
10,50,90,6.373561e+03
10,50,100,6.373561e+03
10,50,1,1.251262e+04
10,50,2,7.547995e+03
10,50,3,7.020060e+03
10,50,5,6.710010e+03
10,50,10,6.384770e+03
10,50,20,6.382463e+03
10,50,30,6.382150e+03
10,50,40,6.382120e+03
10,50,50,6.382083e+03
10,50,60,6.382054e+03
10,50,70,6.382054e+03
10,50,80,6.382051e+03
10,50,90,6.382050e+03
10,50,100,6.382050e+03
10,50,1,1.380500e+04
10,50,2,1.092678e+04
10,50,3,6.213467e+03
10,50,5,5.583148e+03
10,50,10,5.571909e+03
10,50,20,5.571909e+03
10,50,30,5.571909e+03
10,50,40,5.571909e+03
10,50,50,5.571909e+03
10,50,60,5.571909e+03
10,50,70,5.571909e+03
10,50,80,5.571909e+03
10,50,90,5.571909e+03
10,50,100,5.571909e+03
10,50,1,1.072970e+04
10,50,2,6.594172e+03
10,50,3,6.030832e+03
10,50,5,5.790407e+03
10,50,10,5.767894e+03
10,50,20,5.766325e+03
10,50,30,5.766232e+03
10,50,40,5.766194e+03
10,50,50,5.766184e+03
10,50,60,5.766182e+03
10,50,70,5.766182e+03
10,50,80,5.766182e+03
10,50,90,5.766182e+03
10,50,100,5.766181e+03
10,50,1,1.028398e+04
10,50,2,8.136882e+03
10,50,3,7.834412e+03
10,50,5,7.203174e+03
10,50,10,7.110877e+03
10,50,20,7.110542e+03
10,50,30,7.110433e+03
10,50,40,7.110409e+03
10,50,50,7.110407e+03
10,50,60,7.110407e+03
10,50,70,7.110407e+03
10,50,80,7.110407e+03
10,50,90,7.110407e+03
10,50,100,7.110407e+03
10,50,1,9.217487e+03
10,50,2,7.219024e+03
10,50,3,6.869315e+03
10,50,5,6.834309e+03
10,50,10,6.714264e+03
10,50,20,6.713029e+03
10,50,30,6.712696e+03
10,50,40,6.712680e+03
10,50,50,6.712297e+03
10,50,60,6.712123e+03
10,50,70,6.712101e+03
10,50,80,6.712098e+03
10,50,90,6.712098e+03
10,50,100,6.712098e+03
10,50,1,1.178401e+04
10,50,2,7.300686e+03
10,50,3,5.948324e+03
10,50,5,5.649691e+03
10,50,10,5.601834e+03
10,50,20,5.596087e+03
10,50,30,5.595523e+03
10,50,40,5.595473e+03
10,50,50,5.595369e+03
10,50,60,5.592158e+03
10,50,70,5.591772e+03
10,50,80,5.591772e+03
10,50,90,5.591772e+03
10,50,100,5.591651e+03
10,50,1,9.957721e+03
10,50,2,6.085174e+03
10,50,3,5.642745e+03
10,50,5,5.552321e+03
10,50,10,5.501939e+03
10,50,20,5.499510e+03
10,50,30,5.499310e+03
10,50,40,5.499110e+03
10,50,50,5.499079e+03
10,50,60,5.498983e+03
10,50,70,5.498977e+03
10,50,80,5.498974e+03
10,50,90,5.498940e+03
10,50,100,5.498926e+03
10,50,1,1.158178e+04
10,50,2,7.167497e+03
10,50,3,6.578462e+03
10,50,5,6.389320e+03
10,50,10,6.376620e+03
10,50,20,6.376004e+03
10,50,30,6.374645e+03
10,50,40,6.374580e+03
10,50,50,6.374578e+03
10,50,60,6.374575e+03
10,50,70,6.374572e+03
10,50,80,6.374563e+03
10,50,90,6.374557e+03
10,50,100,6.374554e+03
10,50,1,1.485723e+04
10,50,2,1.194855e+04
10,50,3,9.867017e+03
10,50,5,8.962863e+03
10,50,10,8.440722e+03
10,50,20,8.439815e+03
10,50,30,8.439806e+03
10,50,40,8.439804e+03
10,50,50,8.439702e+03
10,50,60,8.439674e+03
10,50,70,8.439672e+03
10,50,80,8.439672e+03
10,50,90,8.439672e+03
10,50,100,8.439671e+03
10,50,1,1.424374e+04
10,50,2,1.040218e+04
10,50,3,7.806608e+03
10,50,5,7.330634e+03
10,50,10,7.304707e+03
10,50,20,7.302937e+03
10,50,30,7.302457e+03
10,50,40,7.302372e+03
10,50,50,7.302333e+03
10,50,60,7.302259e+03
10,50,70,7.302249e+03
10,50,80,7.302246e+03
10,50,90,7.302245e+03
10,50,100,7.302244e+03
10,50,1,1.115376e+04
10,50,2,6.117173e+03
10,50,3,5.483443e+03
10,50,5,5.353090e+03
10,50,10,5.344663e+03
10,50,20,5.343904e+03
10,50,30,5.343833e+03
10,50,40,5.343810e+03
10,50,50,5.343805e+03
10,50,60,5.343798e+03
10,50,70,5.343794e+03
10,50,80,5.343789e+03
10,50,90,5.343788e+03
10,50,100,5.343787e+03
10,50,1,1.097808e+04
10,50,2,8.438953e+03
10,50,3,8.050253e+03
10,50,5,7.084556e+03
10,50,10,7.077015e+03
10,50,20,7.077015e+03
10,50,30,7.077015e+03
10,50,40,7.077015e+03
10,50,50,7.077015e+03
10,50,60,7.077015e+03
10,50,70,7.077015e+03
10,50,80,7.077015e+03
10,50,90,7.077015e+03
10,50,100,7.077015e+03
10,50,1,9.381529e+03
10,50,2,5.309974e+03
10,50,3,4.800572e+03
10,50,5,4.703694e+03
10,50,10,4.697277e+03
10,50,20,4.696057e+03
10,50,30,4.695880e+03
10,50,40,4.695861e+03
10,50,50,4.695860e+03
10,50,60,4.695694e+03
10,50,70,4.695688e+03
10,50,80,4.695688e+03
10,50,90,4.695688e+03
10,50,100,4.695688e+03
10,50,1,1.121749e+04
10,50,2,7.477485e+03
10,50,3,6.696458e+03
10,50,5,6.515211e+03
10,50,10,6.494258e+03
10,50,20,6.493930e+03
10,50,30,6.493902e+03
10,50,40,6.493760e+03
10,50,50,6.493752e+03
10,50,60,6.493751e+03
10,50,70,6.493750e+03
10,50,80,6.493750e+03
10,50,90,6.493750e+03
10,50,100,6.493750e+03
10,50,1,1.106665e+04
10,50,2,6.846960e+03
10,50,3,5.755597e+03
10,50,5,5.627613e+03
10,50,10,5.626974e+03
10,50,20,5.626974e+03
10,50,30,5.626974e+03
10,50,40,5.626974e+03
10,50,50,5.626974e+03
10,50,60,5.626974e+03
10,50,70,5.626974e+03
10,50,80,5.626974e+03
10,50,90,5.626974e+03
10,50,100,5.626974e+03
10,50,1,1.165779e+04
10,50,2,7.341785e+03
10,50,3,5.401028e+03
10,50,5,5.017039e+03
10,50,10,4.993222e+03
10,50,20,4.986038e+03
10,50,30,4.985792e+03
10,50,40,4.985229e+03
10,50,50,4.985184e+03
10,50,60,4.985168e+03
10,50,70,4.985167e+03
10,50,80,4.985166e+03
10,50,90,4.985166e+03
10,50,100,4.985165e+03
10,50,1,1.156777e+04
10,50,2,8.856609e+03
10,50,3,8.039561e+03
10,50,5,7.959335e+03
10,50,10,7.956784e+03
10,50,20,7.956770e+03
10,50,30,7.955754e+03
10,50,40,7.955198e+03
10,50,50,7.955173e+03
10,50,60,7.955139e+03
10,50,70,7.955138e+03
10,50,80,7.955133e+03
10,50,90,7.955132e+03
10,50,100,7.955131e+03
10,50,1,1.065831e+04
10,50,2,7.088624e+03
10,50,3,6.550226e+03
10,50,5,6.516196e+03
10,50,10,6.516041e+03
10,50,20,6.516041e+03
10,50,30,6.516041e+03
10,50,40,6.516041e+03
10,50,50,6.516041e+03
10,50,60,6.516041e+03
10,50,70,6.516041e+03
10,50,80,6.516041e+03
10,50,90,6.516041e+03
10,50,100,6.516041e+03
10,50,1,1.239059e+04
10,50,2,8.407663e+03
10,50,3,6.820303e+03
10,50,5,6.385561e+03
10,50,10,6.378069e+03
10,50,20,6.376333e+03
10,50,30,6.376137e+03
10,50,40,6.376116e+03
10,50,50,6.376062e+03
10,50,60,6.376053e+03
10,50,70,6.376051e+03
10,50,80,6.376050e+03
10,50,90,6.376050e+03
10,50,100,6.376050e+03
10,50,1,7.777750e+03
10,50,2,4.937222e+03
10,50,3,4.763375e+03
10,50,5,4.727467e+03
10,50,10,4.721738e+03
10,50,20,4.718571e+03
10,50,30,4.718322e+03
10,50,40,4.718311e+03
10,50,50,4.718297e+03
10,50,60,4.718296e+03
10,50,70,4.718296e+03
10,50,80,4.718296e+03
10,50,90,4.718296e+03
10,50,100,4.718296e+03
10,50,1,1.019976e+04
10,50,2,7.276154e+03
10,50,3,6.964432e+03
10,50,5,6.909888e+03
10,50,10,6.909628e+03
10,50,20,6.909628e+03
10,50,30,6.909628e+03
10,50,40,6.909628e+03
10,50,50,6.909628e+03
10,50,60,6.909628e+03
10,50,70,6.909628e+03
10,50,80,6.909628e+03
10,50,90,6.909628e+03
10,50,100,6.909628e+03
10,50,1,1.014358e+04
10,50,2,6.053549e+03
10,50,3,5.513782e+03
10,50,5,5.367213e+03
10,50,10,5.315593e+03
10,50,20,5.311216e+03
10,50,30,5.308987e+03
10,50,40,5.307920e+03
10,50,50,5.307796e+03
10,50,60,5.307761e+03
10,50,70,5.307744e+03
10,50,80,5.307733e+03
10,50,90,5.307720e+03
10,50,100,5.307697e+03
