funcid,dim,milestone,error
16,30,1,1.275446e+03
16,30,2,8.778861e+02
16,30,3,8.633288e+02
16,30,5,7.990974e+02
16,30,10,7.945156e+02
16,30,20,7.945152e+02
16,30,30,7.945152e+02
16,30,40,7.945152e+02
16,30,50,7.945152e+02
16,30,60,7.945152e+02
16,30,70,7.945152e+02
16,30,80,7.945152e+02
16,30,90,7.945152e+02
16,30,100,7.945152e+02
16,30,1,1.336706e+03
16,30,2,9.772609e+02
16,30,3,9.097314e+02
16,30,5,8.952997e+02
16,30,10,8.882457e+02
16,30,20,8.762841e+02
16,30,30,8.487307e+02
16,30,40,8.481489e+02
16,30,50,8.481485e+02
16,30,60,8.481485e+02
16,30,70,8.481485e+02
16,30,80,8.481485e+02
16,30,90,8.481485e+02
16,30,100,8.481485e+02
16,30,1,1.915633e+03
16,30,2,1.532842e+03
16,30,3,1.463664e+03
16,30,5,1.437091e+03
16,30,10,8.426341e+02
16,30,20,8.426118e+02
16,30,30,8.426118e+02
16,30,40,8.426118e+02
16,30,50,8.426118e+02
16,30,60,8.426118e+02
16,30,70,8.426118e+02
16,30,80,8.426118e+02
16,30,90,8.426118e+02
16,30,100,8.426118e+02
16,30,1,2.126405e+03
16,30,2,1.411238e+03
16,30,3,1.190363e+03
16,30,5,1.184583e+03
16,30,10,1.184336e+03
16,30,20,1.184297e+03
16,30,30,1.184296e+03
16,30,40,1.184296e+03
16,30,50,1.184296e+03
16,30,60,1.184296e+03
16,30,70,1.184296e+03
16,30,80,1.184296e+03
16,30,90,1.184296e+03
16,30,100,1.184296e+03
16,30,1,1.644841e+03
16,30,2,1.443950e+03
16,30,3,1.422584e+03
16,30,5,1.406835e+03
16,30,10,1.404864e+03
16,30,20,1.404783e+03
16,30,30,1.404770e+03
16,30,40,1.404736e+03
16,30,50,1.404732e+03
16,30,60,1.404731e+03
16,30,70,1.404731e+03
16,30,80,1.404731e+03
16,30,90,1.404731e+03
16,30,100,1.404731e+03
16,30,1,2.085033e+03
16,30,2,1.818344e+03
16,30,3,1.779683e+03
16,30,5,1.754544e+03
16,30,10,1.754020e+03
16,30,20,1.754018e+03
16,30,30,1.754018e+03
16,30,40,1.754018e+03
16,30,50,1.754017e+03
16,30,60,1.754017e+03
16,30,70,1.754017e+03
16,30,80,1.754017e+03
16,30,90,1.754017e+03
16,30,100,1.754017e+03
16,30,1,1.235662e+03
16,30,2,1.086240e+03
16,30,3,1.068740e+03
16,30,5,1.067220e+03
16,30,10,1.066408e+03
16,30,20,1.061312e+03
16,30,30,1.061291e+03
16,30,40,1.061290e+03
16,30,50,1.061290e+03
16,30,60,1.061290e+03
16,30,70,1.061290e+03
16,30,80,1.061290e+03
16,30,90,1.061290e+03
16,30,100,1.061290e+03
16,30,1,1.804583e+03
16,30,2,1.375667e+03
16,30,3,1.337139e+03
16,30,5,1.326747e+03
16,30,10,1.325235e+03
16,30,20,1.323829e+03
16,30,30,1.323756e+03
16,30,40,1.323737e+03
16,30,50,1.323735e+03
16,30,60,1.323734e+03
16,30,70,1.323734e+03
16,30,80,1.323733e+03
16,30,90,1.323732e+03
16,30,100,1.323704e+03
16,30,1,1.525173e+03
16,30,2,1.051790e+03
16,30,3,9.286829e+02
16,30,5,9.283282e+02
16,30,10,9.283252e+02
16,30,20,9.283251e+02
16,30,30,9.283251e+02
16,30,40,9.283251e+02
16,30,50,9.283251e+02
16,30,60,9.283251e+02
16,30,70,9.283251e+02
16,30,80,9.283251e+02
16,30,90,9.283251e+02
16,30,100,9.283251e+02
16,30,1,1.242467e+03
16,30,2,9.382894e+02
16,30,3,9.345115e+02
16,30,5,9.265002e+02
16,30,10,9.034920e+02
16,30,20,9.032575e+02
16,30,30,9.032509e+02
16,30,40,9.032499e+02
16,30,50,9.032499e+02
16,30,60,9.032498e+02
16,30,70,9.032498e+02
16,30,80,9.032498e+02
16,30,90,9.032498e+02
16,30,100,9.032498e+02
16,30,1,2.404023e+03
16,30,2,1.604048e+03
16,30,3,1.373456e+03
16,30,5,1.354070e+03
16,30,10,1.353984e+03
16,30,20,1.353984e+03
16,30,30,1.353984e+03
16,30,40,1.353984e+03
16,30,50,1.353984e+03
16,30,60,1.353984e+03
16,30,70,1.353984e+03
16,30,80,1.353984e+03
16,30,90,1.353984e+03
16,30,100,1.353984e+03
16,30,1,1.683300e+03
16,30,2,1.111129e+03
16,30,3,1.028756e+03
16,30,5,1.016439e+03
16,30,10,1.016018e+03
16,30,20,1.016018e+03
16,30,30,1.016018e+03
16,30,40,1.016018e+03
16,30,50,1.016018e+03
16,30,60,1.016018e+03
16,30,70,1.016018e+03
16,30,80,1.016018e+03
16,30,90,1.016018e+03
16,30,100,1.016018e+03
16,30,1,1.935672e+03
16,30,2,1.848357e+03
16,30,3,1.822112e+03
16,30,5,1.801506e+03
16,30,10,1.801069e+03
16,30,20,1.801002e+03
16,30,30,1.800907e+03
16,30,40,1.800892e+03
16,30,50,1.800874e+03
16,30,60,1.800871e+03
16,30,70,1.800520e+03
16,30,80,1.800510e+03
16,30,90,1.800507e+03
16,30,100,1.800505e+03
16,30,1,1.726293e+03
16,30,2,1.272229e+03
16,30,3,1.178807e+03
16,30,5,1.147275e+03
16,30,10,1.146926e+03
16,30,20,1.146854e+03
16,30,30,1.146853e+03
16,30,40,1.146321e+03
16,30,50,1.145645e+03
16,30,60,1.145538e+03
16,30,70,1.145489e+03
16,30,80,1.145487e+03
16,30,90,1.145486e+03
16,30,100,1.145449e+03
16,30,1,1.037617e+03
16,30,2,7.725366e+02
16,30,3,7.523881e+02
16,30,5,7.499270e+02
16,30,10,7.498458e+02
16,30,20,7.497416e+02
16,30,30,7.497401e+02
16,30,40,7.497374e+02
16,30,50,7.497234e+02
16,30,60,7.497045e+02
16,30,70,7.497045e+02
16,30,80,7.497045e+02
16,30,90,7.497045e+02
16,30,100,7.497045e+02
16,30,1,1.303176e+03
16,30,2,9.483188e+02
16,30,3,9.018820e+02
16,30,5,8.599188e+02
16,30,10,8.417882e+02
16,30,20,8.411344e+02
16,30,30,8.404042e+02
16,30,40,8.403770e+02
16,30,50,8.403736e+02
16,30,60,8.403667e+02
16,30,70,8.403633e+02
16,30,80,8.403332e+02
16,30,90,8.403296e+02
16,30,100,8.403254e+02
16,30,1,1.968116e+03
16,30,2,1.354789e+03
16,30,3,1.162549e+03
16,30,5,1.112459e+03
16,30,10,1.110309e+03
16,30,20,1.110289e+03
16,30,30,1.110284e+03
16,30,40,1.110284e+03
16,30,50,1.110283e+03
16,30,60,1.110283e+03
16,30,70,1.110283e+03
16,30,80,1.110283e+03
16,30,90,1.110283e+03
16,30,100,1.110283e+03
16,30,1,1.959433e+03
16,30,2,1.333789e+03
16,30,3,1.040761e+03
16,30,5,1.005073e+03
16,30,10,1.005005e+03
16,30,20,1.004991e+03
16,30,30,1.004991e+03
16,30,40,1.004991e+03
16,30,50,1.004991e+03
16,30,60,1.004991e+03
16,30,70,1.004991e+03
16,30,80,1.004991e+03
16,30,90,1.004991e+03
16,30,100,1.004991e+03
16,30,1,1.885962e+03
16,30,2,1.037691e+03
16,30,3,6.388676e+02
16,30,5,5.119485e+02
16,30,10,5.110398e+02
16,30,20,5.110275e+02
16,30,30,5.110145e+02
16,30,40,5.110096e+02
16,30,50,5.110092e+02
16,30,60,5.108668e+02
16,30,70,5.108655e+02
16,30,80,5.108655e+02
16,30,90,5.108655e+02
16,30,100,5.108650e+02
16,30,1,1.842658e+03
16,30,2,1.389565e+03
16,30,3,1.367435e+03
16,30,5,1.364895e+03
16,30,10,1.364768e+03
16,30,20,9.280094e+02
16,30,30,8.577012e+02
16,30,40,8.576988e+02
16,30,50,8.576988e+02
16,30,60,8.576988e+02
16,30,70,8.576976e+02
16,30,80,8.576975e+02
16,30,90,8.576975e+02
16,30,100,8.576975e+02
16,30,1,1.724277e+03
16,30,2,1.171836e+03
16,30,3,9.831934e+02
16,30,5,9.728349e+02
16,30,10,9.726983e+02
16,30,20,9.726850e+02
16,30,30,9.726829e+02
16,30,40,9.726827e+02
16,30,50,9.726824e+02
16,30,60,9.726824e+02
16,30,70,9.726824e+02
16,30,80,9.726824e+02
16,30,90,9.726824e+02
16,30,100,9.726824e+02
16,30,1,1.866271e+03
16,30,2,1.431957e+03
16,30,3,1.394546e+03
16,30,5,1.393811e+03
16,30,10,1.393807e+03
16,30,20,1.393807e+03
16,30,30,1.393806e+03
16,30,40,1.393806e+03
16,30,50,1.393806e+03
16,30,60,1.393806e+03
16,30,70,1.393805e+03
16,30,80,1.393805e+03
16,30,90,1.393805e+03
16,30,100,1.393805e+03
16,30,1,2.147444e+03
16,30,2,1.313203e+03
16,30,3,1.163837e+03
16,30,5,1.040218e+03
16,30,10,1.016533e+03
16,30,20,1.016131e+03
16,30,30,1.016008e+03
16,30,40,1.015933e+03
16,30,50,1.015891e+03
16,30,60,1.015879e+03
16,30,70,1.015868e+03
16,30,80,1.015864e+03
16,30,90,1.015863e+03
16,30,100,1.015861e+03
16,30,1,1.410679e+03
16,30,2,1.050082e+03
16,30,3,1.011152e+03
16,30,5,9.495294e+02
16,30,10,9.488961e+02
16,30,20,9.488163e+02
16,30,30,9.487884e+02
16,30,40,9.487877e+02
16,30,50,9.487867e+02
16,30,60,9.487862e+02
16,30,70,9.487862e+02
16,30,80,9.487862e+02
16,30,90,9.487862e+02
16,30,100,9.487862e+02
16,30,1,1.225277e+03
16,30,2,8.570823e+02
16,30,3,8.240140e+02
16,30,5,8.199364e+02
16,30,10,8.193718e+02
16,30,20,8.193432e+02
16,30,30,8.193395e+02
16,30,40,8.189082e+02
16,30,50,8.186799e+02
16,30,60,8.185478e+02
16,30,70,8.184849e+02
16,30,80,8.184391e+02
16,30,90,8.183979e+02
16,30,100,8.183681e+02
16,30,1,1.577417e+03
16,30,2,1.329907e+03
16,30,3,1.321168e+03
16,30,5,1.320703e+03
16,30,10,1.320696e+03
16,30,20,1.320696e+03
16,30,30,1.320696e+03
16,30,40,1.320696e+03
16,30,50,1.320696e+03
16,30,60,1.320696e+03
16,30,70,1.320696e+03
16,30,80,1.320696e+03
16,30,90,1.320696e+03
16,30,100,1.320696e+03
16,30,1,1.271221e+03
16,30,2,8.709482e+02
16,30,3,7.937241e+02
16,30,5,7.265078e+02
16,30,10,6.592359e+02
16,30,20,6.584746e+02
16,30,30,6.584534e+02
16,30,40,6.584349e+02
16,30,50,6.584232e+02
16,30,60,6.584095e+02
16,30,70,6.584025e+02
16,30,80,6.583938e+02
16,30,90,6.583837e+02
16,30,100,6.583785e+02
16,30,1,1.392697e+03
16,30,2,1.182292e+03
16,30,3,1.180168e+03
16,30,5,1.179710e+03
16,30,10,1.178314e+03
16,30,20,1.178282e+03
16,30,30,1.178280e+03
16,30,40,1.178280e+03
16,30,50,1.178280e+03
16,30,60,1.178280e+03
16,30,70,1.178280e+03
16,30,80,1.178280e+03
16,30,90,1.178280e+03
16,30,100,1.178280e+03
16,30,1,8.144922e+02
16,30,2,3.266345e+02
16,30,3,2.447468e+02
16,30,5,2.120868e+02
16,30,10,2.118108e+02
16,30,20,2.117910e+02
16,30,30,2.117553e+02
16,30,40,2.117304e+02
16,30,50,2.117157e+02
16,30,60,2.116980e+02
16,30,70,2.116906e+02
16,30,80,2.116670e+02
16,30,90,2.116468e+02
16,30,100,2.116388e+02
16,30,1,1.097005e+03
16,30,2,8.325534e+02
16,30,3,8.134096e+02
16,30,5,8.124560e+02
16,30,10,8.122432e+02
16,30,20,8.122015e+02
16,30,30,8.122006e+02
16,30,40,8.121994e+02
16,30,50,8.121994e+02
16,30,60,8.121994e+02
16,30,70,8.121994e+02
16,30,80,8.121994e+02
16,30,90,8.117322e+02
16,30,100,8.117305e+02
16,30,1,1.891742e+03
16,30,2,1.680978e+03
16,30,3,1.617407e+03
16,30,5,1.613280e+03
16,30,10,1.613195e+03
16,30,20,1.613161e+03
16,30,30,1.613160e+03
16,30,40,1.613160e+03
16,30,50,1.613160e+03
16,30,60,1.613157e+03
16,30,70,1.613155e+03
16,30,80,1.613154e+03
16,30,90,1.613154e+03
16,30,100,1.613154e+03
