funcid,dim,milestone,error
18,10,1,1.414821e+04
18,10,2,1.022433e+04
18,10,3,8.944067e+03
18,10,5,8.924342e+03
18,10,10,8.819978e+03
18,10,20,8.643578e+03
18,10,30,8.214945e+03
18,10,40,8.060911e+03
18,10,50,7.597879e+03
18,10,60,7.021251e+03
18,10,70,6.804195e+03
18,10,80,6.609367e+03
18,10,90,6.607659e+03
18,10,100,6.607658e+03
18,10,1,1.032461e+05
18,10,2,5.237499e+04
18,10,3,4.600755e+04
18,10,5,4.593674e+04
18,10,10,4.247248e+04
18,10,20,4.151933e+04
18,10,30,3.942518e+04
18,10,40,3.589887e+04
18,10,50,3.564189e+04
18,10,60,3.513007e+04
18,10,70,3.401167e+04
18,10,80,3.369371e+04
18,10,90,3.367672e+04
18,10,100,3.323980e+04
18,10,1,4.009363e+05
18,10,2,4.642072e+04
18,10,3,2.323330e+04
18,10,5,2.248696e+04
18,10,10,2.231823e+04
18,10,20,2.189117e+04
18,10,30,2.157680e+04
18,10,40,2.064335e+04
18,10,50,2.054432e+04
18,10,60,2.053534e+04
18,10,70,2.050354e+04
18,10,80,2.046234e+04
18,10,90,2.029984e+04
18,10,100,1.999081e+04
18,10,1,3.422227e+04
18,10,2,1.336926e+04
18,10,3,1.057119e+04
18,10,5,9.496289e+03
18,10,10,9.458860e+03
18,10,20,9.379880e+03
18,10,30,7.926617e+03
18,10,40,7.583984e+03
18,10,50,6.843005e+03
18,10,60,6.149294e+03
18,10,70,5.525056e+03
18,10,80,5.186629e+03
18,10,90,4.921309e+03
18,10,100,4.384534e+03
18,10,1,4.163480e+04
18,10,2,9.588123e+03
18,10,3,8.738169e+03
18,10,5,8.632295e+03
18,10,10,8.486840e+03
18,10,20,8.130849e+03
18,10,30,6.593255e+03
18,10,40,5.921300e+03
18,10,50,3.903524e+03
18,10,60,1.058658e+03
18,10,70,1.056162e+03
18,10,80,1.056162e+03
18,10,90,9.860287e+02
18,10,100,8.673410e+02
18,10,1,6.432941e+04
18,10,2,3.413797e+04
18,10,3,3.341516e+04
18,10,5,3.336535e+04
18,10,10,3.322355e+04
18,10,20,3.321451e+04
18,10,30,3.318204e+04
18,10,40,3.313605e+04
18,10,50,3.309529e+04
18,10,60,3.301479e+04
18,10,70,3.300479e+04
18,10,80,3.294234e+04
18,10,90,3.293917e+04
18,10,100,3.287997e+04
18,10,1,2.547358e+05
18,10,2,3.380743e+04
18,10,3,2.294161e+04
18,10,5,1.971653e+04
18,10,10,1.808252e+04
18,10,20,1.446401e+04
18,10,30,1.181090e+04
18,10,40,1.001024e+04
18,10,50,9.426189e+03
18,10,60,8.859235e+03
18,10,70,7.063136e+03
18,10,80,7.063136e+03
18,10,90,7.063136e+03
18,10,100,7.035047e+03
18,10,1,1.126066e+05
18,10,2,1.986034e+04
18,10,3,1.739438e+03
18,10,5,1.615918e+03
18,10,10,1.595985e+03
18,10,20,1.323109e+03
18,10,30,7.738192e+02
18,10,40,5.275132e+02
18,10,50,4.950491e+02
18,10,60,4.922895e+02
18,10,70,4.903506e+02
18,10,80,4.895355e+02
18,10,90,4.887818e+02
18,10,100,4.886152e+02
18,10,1,2.784104e+05
18,10,2,3.044335e+04
18,10,3,6.387344e+03
18,10,5,5.637479e+03
18,10,10,5.469090e+03
18,10,20,5.058073e+03
18,10,30,4.824745e+03
18,10,40,4.810075e+03
18,10,50,4.364152e+03
18,10,60,4.302649e+03
18,10,70,4.287587e+03
18,10,80,4.216829e+03
18,10,90,3.207996e+03
18,10,100,2.806205e+03
18,10,1,1.310550e+05
18,10,2,3.123092e+04
18,10,3,1.559100e+03
18,10,5,7.432405e+02
18,10,10,7.078070e+02
18,10,20,6.316865e+02
18,10,30,4.722313e+02
18,10,40,2.764742e+02
18,10,50,2.378772e+02
18,10,60,2.128826e+02
18,10,70,1.601313e+02
18,10,80,5.123364e+01
18,10,90,3.865779e+01
18,10,100,3.734489e+01
18,10,1,3.692561e+05
18,10,2,2.877429e+04
18,10,3,1.753091e+04
18,10,5,1.751594e+04
18,10,10,1.564251e+04
18,10,20,6.844487e+03
18,10,30,5.919311e+02
18,10,40,3.793003e+02
18,10,50,1.978650e+02
18,10,60,1.668869e+02
18,10,70,1.665924e+02
18,10,80,1.664512e+02
18,10,90,1.662530e+02
18,10,100,9.500111e+01
18,10,1,5.164267e+04
18,10,2,4.542264e+04
18,10,3,3.843432e+04
18,10,5,3.830662e+04
18,10,10,3.796577e+04
18,10,20,3.716860e+04
18,10,30,3.666918e+04
18,10,40,3.580650e+04
18,10,50,3.554711e+04
18,10,60,3.460926e+04
18,10,70,3.412564e+04
18,10,80,3.398250e+04
18,10,90,3.358808e+04
18,10,100,3.355221e+04
18,10,1,3.564005e+05
18,10,2,2.074204e+05
18,10,3,3.216194e+04
18,10,5,3.011568e+04
18,10,10,2.983343e+04
18,10,20,1.910326e+04
18,10,30,1.132854e+04
18,10,40,1.172481e+03
18,10,50,1.808762e+02
18,10,60,1.777557e+02
18,10,70,1.762750e+02
18,10,80,1.762699e+02
18,10,90,1.761018e+02
18,10,100,1.748413e+02
18,10,1,1.877621e+06
18,10,2,5.697542e+04
18,10,3,3.043234e+04
18,10,5,2.993210e+04
18,10,10,2.897101e+04
18,10,20,2.572866e+04
18,10,30,1.803301e+04
18,10,40,4.847909e+03
18,10,50,3.620229e+02
18,10,60,1.429850e+02
18,10,70,1.016269e+02
18,10,80,9.248805e+01
18,10,90,5.681461e+01
18,10,100,5.673934e+01
18,10,1,2.099824e+05
18,10,2,3.095221e+04
18,10,3,3.024014e+04
18,10,5,2.991876e+04
18,10,10,2.758346e+04
18,10,20,1.964849e+04
18,10,30,5.605566e+03
18,10,40,8.597402e+02
18,10,50,6.290689e+02
18,10,60,2.858898e+02
18,10,70,1.237360e+02
18,10,80,1.229687e+02
18,10,90,1.227295e+02
18,10,100,1.227212e+02
18,10,1,4.352032e+05
18,10,2,2.529039e+04
18,10,3,1.732166e+04
18,10,5,1.724470e+04
18,10,10,1.329192e+04
18,10,20,9.061123e+02
18,10,30,9.055425e+02
18,10,40,8.554302e+02
18,10,50,8.250408e+02
18,10,60,8.243653e+02
18,10,70,8.194168e+02
18,10,80,7.664799e+02
18,10,90,7.551856e+02
18,10,100,5.153466e+02
18,10,1,1.024634e+05
18,10,2,9.712836e+03
18,10,3,2.076171e+03
18,10,5,1.886011e+03
18,10,10,1.533189e+03
18,10,20,9.686608e+02
18,10,30,3.847673e+02
18,10,40,2.422277e+02
18,10,50,1.902248e+02
18,10,60,1.731311e+02
18,10,70,1.730771e+02
18,10,80,1.705192e+02
18,10,90,1.689993e+02
18,10,100,1.669785e+02
18,10,1,2.514592e+05
18,10,2,6.361547e+03
18,10,3,4.313762e+03
18,10,5,4.302581e+03
18,10,10,4.059882e+03
18,10,20,3.131462e+03
18,10,30,2.297188e+03
18,10,40,1.894667e+03
18,10,50,1.697588e+03
18,10,60,1.596969e+03
18,10,70,1.576891e+03
18,10,80,1.512508e+03
18,10,90,1.504562e+03
18,10,100,1.503898e+03
18,10,1,3.002690e+05
18,10,2,3.546850e+04
18,10,3,3.317080e+04
18,10,5,3.154979e+04
18,10,10,3.043263e+04
18,10,20,2.907396e+04
18,10,30,2.396857e+04
18,10,40,2.395493e+04
18,10,50,2.370061e+04
18,10,60,2.336943e+04
18,10,70,2.242442e+04
18,10,80,2.114704e+04
18,10,90,2.006143e+04
18,10,100,1.887879e+04
18,10,1,2.318701e+05
18,10,2,5.291821e+04
18,10,3,4.028207e+04
18,10,5,3.299770e+04
18,10,10,2.744150e+04
18,10,20,2.072169e+04
18,10,30,2.069322e+04
18,10,40,2.067931e+04
18,10,50,2.067664e+04
18,10,60,2.067580e+04
18,10,70,2.067523e+04
18,10,80,2.067522e+04
18,10,90,2.067505e+04
18,10,100,2.067357e+04
18,10,1,6.419228e+04
18,10,2,5.468505e+04
18,10,3,5.362076e+04
18,10,5,5.346683e+04
18,10,10,5.345789e+04
18,10,20,5.345682e+04
18,10,30,5.345681e+04
18,10,40,5.345681e+04
18,10,50,5.345617e+04
18,10,60,5.345582e+04
18,10,70,5.345582e+04
18,10,80,5.345581e+04
18,10,90,5.345581e+04
18,10,100,5.345581e+04
18,10,1,1.315356e+05
18,10,2,9.971850e+03
18,10,3,9.715819e+03
18,10,5,9.694034e+03
18,10,10,9.471013e+03
18,10,20,8.703448e+03
18,10,30,7.589428e+03
18,10,40,6.759614e+03
18,10,50,6.704347e+03
18,10,60,6.655429e+03
18,10,70,6.618374e+03
18,10,80,6.606575e+03
18,10,90,6.446265e+03
18,10,100,6.348074e+03
18,10,1,8.115480e+04
18,10,2,1.673979e+04
18,10,3,7.219961e+03
18,10,5,6.248882e+03
18,10,10,5.364073e+03
18,10,20,4.665252e+03
18,10,30,4.488121e+03
18,10,40,4.435709e+03
18,10,50,4.432542e+03
18,10,60,4.412188e+03
18,10,70,4.411844e+03
18,10,80,4.410874e+03
18,10,90,4.409968e+03
18,10,100,4.408372e+03
18,10,1,1.739162e+05
18,10,2,3.579734e+04
18,10,3,3.435839e+04
18,10,5,3.335005e+04
18,10,10,3.326258e+04
18,10,20,3.310225e+04
18,10,30,3.305473e+04
18,10,40,3.295908e+04
18,10,50,3.295622e+04
18,10,60,3.284131e+04
18,10,70,3.284131e+04
18,10,80,3.283886e+04
18,10,90,3.283556e+04
18,10,100,3.282941e+04
18,10,1,1.610373e+05
18,10,2,1.815172e+04
18,10,3,3.405180e+03
18,10,5,2.723607e+03
18,10,10,2.548368e+03
18,10,20,2.225182e+03
18,10,30,1.879887e+03
18,10,40,1.540085e+03
18,10,50,9.955769e+02
18,10,60,8.952499e+02
18,10,70,8.886199e+02
18,10,80,8.859265e+02
18,10,90,8.858274e+02
18,10,100,8.838740e+02
18,10,1,4.161782e+04
18,10,2,4.146530e+04
18,10,3,4.138476e+04
18,10,5,4.136571e+04
18,10,10,4.093845e+04
18,10,20,3.986521e+04
18,10,30,3.934837e+04
18,10,40,3.738992e+04
18,10,50,3.583273e+04
18,10,60,3.481882e+04
18,10,70,3.434454e+04
18,10,80,3.429003e+04
18,10,90,3.409259e+04
18,10,100,3.393450e+04
18,10,1,4.296053e+05
18,10,2,1.494549e+04
18,10,3,1.206884e+04
18,10,5,1.185742e+04
18,10,10,1.172403e+04
18,10,20,1.150786e+04
18,10,30,1.072254e+04
18,10,40,1.006607e+04
18,10,50,9.032342e+03
18,10,60,7.240717e+03
18,10,70,6.664721e+03
18,10,80,6.526332e+03
18,10,90,6.513868e+03
18,10,100,6.501603e+03
18,10,1,3.368108e+05
18,10,2,2.216025e+04
18,10,3,2.193523e+04
18,10,5,2.151201e+04
18,10,10,2.097078e+04
18,10,20,2.086192e+04
18,10,30,2.078159e+04
18,10,40,2.077182e+04
18,10,50,2.076460e+04
18,10,60,2.076386e+04
18,10,70,2.076253e+04
18,10,80,2.076238e+04
18,10,90,2.067008e+04
18,10,100,2.038971e+04
18,10,1,2.079191e+05
18,10,2,6.424316e+04
18,10,3,2.462212e+04
18,10,5,1.449634e+04
18,10,10,1.435180e+04
18,10,20,1.310472e+04
18,10,30,1.246994e+04
18,10,40,1.180434e+04
18,10,50,1.166000e+04
18,10,60,1.162692e+04
18,10,70,1.158968e+04
18,10,80,1.149780e+04
18,10,90,1.137115e+04
18,10,100,1.129086e+04
18,10,1,3.054376e+05
18,10,2,1.841651e+03
18,10,3,1.215020e+03
18,10,5,1.084619e+03
18,10,10,9.018935e+02
18,10,20,8.771488e+02
18,10,30,6.766750e+02
18,10,40,2.423787e+02
18,10,50,1.352596e+02
18,10,60,1.200201e+02
18,10,70,1.171515e+02
18,10,80,1.166388e+02
18,10,90,1.162313e+02
18,10,100,1.160764e+02
18,10,1,4.525321e+04
18,10,2,2.980311e+04
18,10,3,2.730842e+04
18,10,5,2.716106e+04
18,10,10,2.510065e+04
18,10,20,2.290650e+04
18,10,30,2.087201e+04
18,10,40,2.080771e+04
18,10,50,2.078180e+04
18,10,60,2.073545e+04
18,10,70,2.072002e+04
18,10,80,2.071912e+04
18,10,90,2.071870e+04
18,10,100,2.071752e+04
