funcid,dim,milestone,error
30,50,1,3.864569e+07
30,50,2,1.323304e+07
30,50,3,1.321901e+07
30,50,5,1.320159e+07
30,50,10,1.316023e+07
30,50,20,1.308773e+07
30,50,30,1.300534e+07
30,50,40,1.297251e+07
30,50,50,1.291740e+07
30,50,60,1.285711e+07
30,50,70,1.279939e+07
30,50,80,1.274996e+07
30,50,90,1.268283e+07
30,50,100,1.265191e+07
30,50,1,7.977375e+06
30,50,2,3.137910e+06
30,50,3,3.125579e+06
30,50,5,3.112633e+06
30,50,10,3.079231e+06
30,50,20,3.001366e+06
30,50,30,2.929178e+06
30,50,40,2.866349e+06
30,50,50,2.803410e+06
30,50,60,2.759654e+06
30,50,70,2.736054e+06
30,50,80,2.719854e+06
30,50,90,2.705576e+06
30,50,100,2.692657e+06
30,50,1,8.531140e+06
30,50,2,1.506306e+06
30,50,3,1.448868e+06
30,50,5,1.446222e+06
30,50,10,1.357702e+06
30,50,20,1.351783e+06
30,50,30,1.347651e+06
30,50,40,1.342765e+06
30,50,50,1.338116e+06
30,50,60,1.333371e+06
30,50,70,1.329941e+06
30,50,80,1.326792e+06
30,50,90,1.323139e+06
30,50,100,1.319971e+06
30,50,1,1.899910e+07
30,50,2,3.596278e+06
30,50,3,3.473738e+06
30,50,5,3.469997e+06
30,50,10,3.464276e+06
30,50,20,3.453687e+06
30,50,30,3.446982e+06
30,50,40,3.442296e+06
30,50,50,3.439052e+06
30,50,60,3.436549e+06
30,50,70,3.434609e+06
30,50,80,3.431680e+06
30,50,90,3.430138e+06
30,50,100,3.427837e+06
30,50,1,1.938715e+07
30,50,2,1.194569e+07
30,50,3,1.120408e+07
30,50,5,1.117020e+07
30,50,10,1.112642e+07
30,50,20,1.107479e+07
30,50,30,1.105366e+07
30,50,40,1.104380e+07
30,50,50,1.103747e+07
30,50,60,1.103413e+07
30,50,70,1.103158e+07
30,50,80,1.102985e+07
30,50,90,1.102926e+07
30,50,100,1.102842e+07
30,50,1,7.404398e+06
30,50,2,1.240989e+06
30,50,3,9.491422e+05
30,50,5,9.478750e+05
30,50,10,9.469859e+05
30,50,20,9.461202e+05
30,50,30,9.455477e+05
30,50,40,9.450865e+05
30,50,50,9.447307e+05
30,50,60,9.447067e+05
30,50,70,9.446305e+05
30,50,80,9.444181e+05
30,50,90,9.441931e+05
30,50,100,9.438814e+05
30,50,1,9.758661e+06
30,50,2,4.780819e+06
30,50,3,3.941324e+06
30,50,5,3.823364e+06
30,50,10,3.628209e+06
30,50,20,3.458561e+06
30,50,30,3.369334e+06
30,50,40,3.333566e+06
30,50,50,3.311512e+06
30,50,60,3.283549e+06
30,50,70,3.242409e+06
30,50,80,3.214901e+06
30,50,90,3.192183e+06
30,50,100,3.190983e+06
30,50,1,2.095316e+07
30,50,2,2.845609e+06
30,50,3,2.740276e+06
30,50,5,2.721875e+06
30,50,10,2.714617e+06
30,50,20,2.703959e+06
30,50,30,2.694476e+06
30,50,40,2.685451e+06
30,50,50,2.678541e+06
30,50,60,2.670520e+06
30,50,70,2.660759e+06
30,50,80,2.652158e+06
30,50,90,2.646438e+06
30,50,100,2.641194e+06
30,50,1,1.230463e+07
30,50,2,2.385987e+06
30,50,3,2.113665e+06
30,50,5,2.111185e+06
30,50,10,2.105810e+06
30,50,20,2.096550e+06
30,50,30,2.090220e+06
30,50,40,2.082087e+06
30,50,50,2.073792e+06
30,50,60,2.066946e+06
30,50,70,2.059046e+06
30,50,80,2.050665e+06
30,50,90,2.042664e+06
30,50,100,2.034651e+06
30,50,1,1.785606e+07
30,50,2,1.664090e+06
30,50,3,1.402499e+06
30,50,5,1.392022e+06
30,50,10,1.390298e+06
30,50,20,1.387684e+06
30,50,30,1.384388e+06
30,50,40,1.382016e+06
30,50,50,1.379639e+06
30,50,60,1.379200e+06
30,50,70,1.378094e+06
30,50,80,1.376809e+06
30,50,90,1.375847e+06
30,50,100,1.373655e+06
30,50,1,2.101384e+07
30,50,2,1.445359e+06
30,50,3,9.927533e+05
30,50,5,9.911070e+05
30,50,10,9.875516e+05
30,50,20,9.828893e+05
30,50,30,9.791513e+05
30,50,40,9.775855e+05
30,50,50,9.761363e+05
30,50,60,9.752380e+05
30,50,70,9.750656e+05
30,50,80,9.719932e+05
30,50,90,9.696809e+05
30,50,100,9.683807e+05
30,50,1,1.780451e+07
30,50,2,6.830382e+06
30,50,3,5.456282e+06
30,50,5,5.332454e+06
30,50,10,4.086062e+06
30,50,20,3.921157e+06
30,50,30,3.831844e+06
30,50,40,3.755279e+06
30,50,50,3.719014e+06
30,50,60,3.699443e+06
30,50,70,3.674841e+06
30,50,80,3.655023e+06
30,50,90,3.644714e+06
30,50,100,3.635602e+06
30,50,1,5.178449e+06
30,50,2,7.852112e+05
30,50,3,7.590330e+05
30,50,5,7.564868e+05
30,50,10,7.521090e+05
30,50,20,7.468674e+05
30,50,30,7.422374e+05
30,50,40,7.382600e+05
30,50,50,7.363600e+05
30,50,60,7.342541e+05
30,50,70,7.315694e+05
30,50,80,7.297867e+05
30,50,90,7.284929e+05
30,50,100,7.269115e+05
30,50,1,4.517670e+07
30,50,2,1.776381e+07
30,50,3,1.751775e+07
30,50,5,1.729607e+07
30,50,10,1.685361e+07
30,50,20,1.671175e+07
30,50,30,1.624109e+07
30,50,40,1.590045e+07
30,50,50,1.574140e+07
30,50,60,1.568020e+07
30,50,70,1.558641e+07
30,50,80,1.555086e+07
30,50,90,1.554443e+07
30,50,100,1.554003e+07
30,50,1,1.742702e+07
30,50,2,4.626328e+06
30,50,3,4.563779e+06
30,50,5,4.432840e+06
30,50,10,4.182675e+06
30,50,20,3.927661e+06
30,50,30,3.732993e+06
30,50,40,3.657665e+06
30,50,50,3.558095e+06
30,50,60,3.493027e+06
30,50,70,3.443886e+06
30,50,80,3.418929e+06
30,50,90,3.402470e+06
30,50,100,3.386772e+06
30,50,1,1.640164e+07
30,50,2,1.494570e+06
30,50,3,1.435036e+06
30,50,5,1.427784e+06
30,50,10,1.416827e+06
30,50,20,1.408034e+06
30,50,30,1.398536e+06
30,50,40,1.390064e+06
30,50,50,1.383207e+06
30,50,60,1.379704e+06
30,50,70,1.371491e+06
30,50,80,1.365645e+06
30,50,90,1.361323e+06
30,50,100,1.356969e+06
30,50,1,1.732907e+07
30,50,2,3.575936e+06
30,50,3,3.416453e+06
30,50,5,3.313927e+06
30,50,10,3.131102e+06
30,50,20,2.912339e+06
30,50,30,2.829105e+06
30,50,40,2.712392e+06
30,50,50,2.587180e+06
30,50,60,2.498441e+06
30,50,70,2.418603e+06
30,50,80,2.379276e+06
30,50,90,2.344650e+06
30,50,100,2.300071e+06
30,50,1,1.014487e+07
30,50,2,1.665397e+06
30,50,3,1.530549e+06
30,50,5,1.526194e+06
30,50,10,1.519353e+06
30,50,20,1.509800e+06
30,50,30,1.502816e+06
30,50,40,1.496162e+06
30,50,50,1.490712e+06
30,50,60,1.487642e+06
30,50,70,1.482773e+06
30,50,80,1.479204e+06
30,50,90,1.477048e+06
30,50,100,1.474941e+06
30,50,1,1.391250e+07
30,50,2,2.030699e+06
30,50,3,1.960916e+06
30,50,5,1.936414e+06
30,50,10,1.886631e+06
30,50,20,1.776795e+06
30,50,30,1.703731e+06
30,50,40,1.660197e+06
30,50,50,1.610002e+06
30,50,60,1.534947e+06
30,50,70,1.506188e+06
30,50,80,1.485127e+06
30,50,90,1.469722e+06
30,50,100,1.446953e+06
30,50,1,1.181677e+07
30,50,2,2.047962e+06
30,50,3,1.927641e+06
30,50,5,1.914578e+06
30,50,10,1.893797e+06
30,50,20,1.863120e+06
30,50,30,1.852840e+06
30,50,40,1.848576e+06
30,50,50,1.835231e+06
30,50,60,1.828177e+06
30,50,70,1.823555e+06
30,50,80,1.817311e+06
30,50,90,1.816018e+06
30,50,100,1.811420e+06
30,50,1,6.123586e+06
30,50,2,9.000703e+05
30,50,3,8.617078e+05
30,50,5,8.603208e+05
30,50,10,8.588520e+05
30,50,20,8.562808e+05
30,50,30,8.547772e+05
30,50,40,8.532813e+05
30,50,50,8.520430e+05
30,50,60,8.513384e+05
30,50,70,8.500968e+05
30,50,80,8.488895e+05
30,50,90,8.479025e+05
30,50,100,8.464449e+05
30,50,1,4.300133e+07
30,50,2,2.811475e+07
30,50,3,2.795950e+07
30,50,5,2.795937e+07
30,50,10,2.795937e+07
30,50,20,2.795937e+07
30,50,30,2.795937e+07
30,50,40,2.795937e+07
30,50,50,2.795937e+07
30,50,60,2.795937e+07
30,50,70,2.795937e+07
30,50,80,2.795937e+07
30,50,90,2.795937e+07
30,50,100,2.795937e+07
30,50,1,7.903403e+06
30,50,2,2.075974e+06
30,50,3,1.486791e+06
30,50,5,1.178736e+06
30,50,10,1.170456e+06
30,50,20,1.158974e+06
30,50,30,1.152204e+06
30,50,40,1.150665e+06
30,50,50,1.149209e+06
30,50,60,1.147849e+06
30,50,70,1.146340e+06
30,50,80,1.144496e+06
30,50,90,1.143838e+06
30,50,100,1.137818e+06
30,50,1,2.363559e+07
30,50,2,2.138489e+06
30,50,3,2.059797e+06
30,50,5,2.037137e+06
30,50,10,1.999146e+06
30,50,20,1.962066e+06
30,50,30,1.926845e+06
30,50,40,1.913065e+06
30,50,50,1.903338e+06
30,50,60,1.893059e+06
30,50,70,1.887360e+06
30,50,80,1.886161e+06
30,50,90,1.881422e+06
30,50,100,1.875263e+06
30,50,1,2.184771e+07
30,50,2,2.477471e+06
30,50,3,2.349357e+06
30,50,5,2.343713e+06
30,50,10,2.334197e+06
30,50,20,2.320891e+06
30,50,30,2.314169e+06
30,50,40,2.310470e+06
30,50,50,2.304811e+06
30,50,60,2.299053e+06
30,50,70,2.294697e+06
30,50,80,2.291494e+06
30,50,90,2.285321e+06
30,50,100,2.276775e+06
30,50,1,1.596465e+07
30,50,2,2.780549e+06
30,50,3,2.498439e+06
30,50,5,2.478760e+06
30,50,10,2.465416e+06
30,50,20,2.447764e+06
30,50,30,2.437463e+06
30,50,40,2.425411e+06
30,50,50,2.414329e+06
30,50,60,2.404415e+06
30,50,70,2.395411e+06
30,50,80,2.387801e+06
30,50,90,2.385316e+06
30,50,100,2.384290e+06
30,50,1,2.098789e+07
30,50,2,4.057667e+06
30,50,3,3.236721e+06
30,50,5,3.179738e+06
30,50,10,3.064601e+06
30,50,20,2.945525e+06
30,50,30,2.878236e+06
30,50,40,2.821555e+06
30,50,50,2.781143e+06
30,50,60,2.749444e+06
30,50,70,2.726807e+06
30,50,80,2.717099e+06
30,50,90,2.712506e+06
30,50,100,2.700184e+06
30,50,1,6.893108e+06
30,50,2,1.190704e+06
30,50,3,1.162480e+06
30,50,5,1.159855e+06
30,50,10,1.151607e+06
30,50,20,1.147028e+06
30,50,30,1.145469e+06
30,50,40,1.140611e+06
30,50,50,1.134349e+06
30,50,60,1.128546e+06
30,50,70,1.128017e+06
30,50,80,1.127372e+06
30,50,90,1.124718e+06
30,50,100,1.120123e+06
30,50,1,1.755187e+07
30,50,2,1.564184e+06
30,50,3,1.297384e+06
30,50,5,1.292076e+06
30,50,10,1.282038e+06
30,50,20,1.262766e+06
30,50,30,1.251845e+06
30,50,40,1.240131e+06
30,50,50,1.231563e+06
30,50,60,1.221564e+06
30,50,70,1.221204e+06
30,50,80,1.218596e+06
30,50,90,1.212272e+06
30,50,100,1.206596e+06
30,50,1,9.787377e+06
30,50,2,2.079696e+06
30,50,3,1.926319e+06
30,50,5,1.900869e+06
30,50,10,1.870813e+06
30,50,20,1.819860e+06
30,50,30,1.785789e+06
30,50,40,1.764650e+06
30,50,50,1.750254e+06
30,50,60,1.733539e+06
30,50,70,1.711296e+06
30,50,80,1.693220e+06
30,50,90,1.677992e+06
30,50,100,1.666292e+06
30,50,1,9.966309e+06
30,50,2,2.985334e+06
30,50,3,2.977860e+06
30,50,5,2.969822e+06
30,50,10,2.956793e+06
30,50,20,2.944099e+06
30,50,30,2.932599e+06
30,50,40,2.922305e+06
30,50,50,2.917926e+06
30,50,60,2.915251e+06
30,50,70,2.914434e+06
30,50,80,2.910966e+06
30,50,90,2.909241e+06
30,50,100,2.907378e+06
