funcid,dim,milestone,error
10,30,1,4.975593e+03
10,30,2,3.368819e+03
10,30,3,2.900078e+03
10,30,5,2.631050e+03
10,30,10,2.575344e+03
10,30,20,2.573994e+03
10,30,30,2.568507e+03
10,30,40,2.568120e+03
10,30,50,2.567199e+03
10,30,60,2.559029e+03
10,30,70,2.557638e+03
10,30,80,2.557626e+03
10,30,90,2.557626e+03
10,30,100,2.538996e+03
10,30,1,8.359177e+03
10,30,2,6.554914e+03
10,30,3,4.340117e+03
10,30,5,3.437558e+03
10,30,10,3.427144e+03
10,30,20,3.426659e+03
10,30,30,3.426637e+03
10,30,40,3.426624e+03
10,30,50,3.426621e+03
10,30,60,3.426619e+03
10,30,70,3.426618e+03
10,30,80,3.426618e+03
10,30,90,3.426618e+03
10,30,100,3.426618e+03
10,30,1,8.077616e+03
10,30,2,6.252516e+03
10,30,3,5.359434e+03
10,30,5,5.033020e+03
10,30,10,5.012018e+03
10,30,20,5.003759e+03
10,30,30,5.003321e+03
10,30,40,5.002815e+03
10,30,50,5.002780e+03
10,30,60,5.002768e+03
10,30,70,5.002742e+03
10,30,80,5.002741e+03
10,30,90,5.002737e+03
10,30,100,5.002735e+03
10,30,1,8.016593e+03
10,30,2,5.092563e+03
10,30,3,3.671780e+03
10,30,5,3.580568e+03
10,30,10,3.577254e+03
10,30,20,3.577208e+03
10,30,30,3.577208e+03
10,30,40,3.577208e+03
10,30,50,3.577208e+03
10,30,60,3.577208e+03
10,30,70,3.577208e+03
10,30,80,3.577208e+03
10,30,90,3.577208e+03
10,30,100,3.577208e+03
10,30,1,7.298535e+03
10,30,2,4.145852e+03
10,30,3,3.932107e+03
10,30,5,3.800529e+03
10,30,10,3.727585e+03
10,30,20,3.724400e+03
10,30,30,3.724238e+03
10,30,40,3.724207e+03
10,30,50,3.724203e+03
10,30,60,3.724162e+03
10,30,70,3.724161e+03
10,30,80,3.724161e+03
10,30,90,3.724161e+03
10,30,100,3.724161e+03
10,30,1,8.324308e+03
10,30,2,4.701683e+03
10,30,3,3.346322e+03
10,30,5,3.098678e+03
10,30,10,3.048431e+03
10,30,20,3.015425e+03
10,30,30,3.015223e+03
10,30,40,3.015218e+03
10,30,50,3.015077e+03
10,30,60,3.013674e+03
10,30,70,3.013312e+03
10,30,80,3.013312e+03
10,30,90,3.013309e+03
10,30,100,3.013308e+03
10,30,1,6.849060e+03
10,30,2,4.024317e+03
10,30,3,3.368459e+03
10,30,5,3.273655e+03
10,30,10,3.263768e+03
10,30,20,3.262701e+03
10,30,30,3.262549e+03
10,30,40,3.262077e+03
10,30,50,3.261087e+03
10,30,60,3.261085e+03
10,30,70,3.261084e+03
10,30,80,3.261043e+03
10,30,90,3.261041e+03
10,30,100,3.261041e+03
10,30,1,5.117134e+03
10,30,2,3.058764e+03
10,30,3,2.709820e+03
10,30,5,2.290026e+03
10,30,10,2.289337e+03
10,30,20,2.289337e+03
10,30,30,2.289337e+03
10,30,40,2.289337e+03
10,30,50,2.289337e+03
10,30,60,2.289337e+03
10,30,70,2.289337e+03
10,30,80,2.289337e+03
10,30,90,2.289337e+03
10,30,100,2.289337e+03
10,30,1,5.541598e+03
10,30,2,4.580397e+03
10,30,3,4.477768e+03
10,30,5,4.467281e+03
10,30,10,4.467260e+03
10,30,20,4.467260e+03
10,30,30,4.467260e+03
10,30,40,4.467260e+03
10,30,50,4.467260e+03
10,30,60,4.467260e+03
10,30,70,4.467260e+03
10,30,80,4.467260e+03
10,30,90,4.467260e+03
10,30,100,4.467260e+03
10,30,1,8.472476e+03
10,30,2,6.512688e+03
10,30,3,5.227443e+03
10,30,5,4.878266e+03
10,30,10,4.785808e+03
10,30,20,4.779749e+03
10,30,30,4.778979e+03
10,30,40,4.778113e+03
10,30,50,4.778019e+03
10,30,60,4.777997e+03
10,30,70,4.777994e+03
10,30,80,4.777992e+03
10,30,90,4.777992e+03
10,30,100,4.777989e+03
10,30,1,7.212276e+03
10,30,2,5.060411e+03
10,30,3,4.746770e+03
10,30,5,4.658702e+03
10,30,10,4.209349e+03
10,30,20,3.888004e+03
10,30,30,3.887883e+03
10,30,40,3.887882e+03
10,30,50,3.887839e+03
10,30,60,3.887816e+03
10,30,70,3.887814e+03
10,30,80,3.887813e+03
10,30,90,3.887809e+03
10,30,100,3.887761e+03
10,30,1,5.834446e+03
10,30,2,2.689224e+03
10,30,3,2.168225e+03
10,30,5,2.004513e+03
10,30,10,2.004159e+03
10,30,20,2.004159e+03
10,30,30,2.004159e+03
10,30,40,2.004159e+03
10,30,50,2.004159e+03
10,30,60,2.004159e+03
10,30,70,2.004159e+03
10,30,80,2.004159e+03
10,30,90,2.004159e+03
10,30,100,2.004159e+03
10,30,1,7.014545e+03
10,30,2,4.340450e+03
10,30,3,3.656883e+03
10,30,5,3.558330e+03
10,30,10,3.543363e+03
10,30,20,3.541816e+03
10,30,30,3.541551e+03
10,30,40,3.541355e+03
10,30,50,3.541340e+03
10,30,60,3.541311e+03
10,30,70,3.541303e+03
10,30,80,3.541299e+03
10,30,90,3.541295e+03
10,30,100,3.541294e+03
10,30,1,6.409027e+03
10,30,2,4.350231e+03
10,30,3,3.670801e+03
10,30,5,3.567552e+03
10,30,10,3.552915e+03
10,30,20,3.550492e+03
10,30,30,3.549369e+03
10,30,40,3.548107e+03
10,30,50,3.547924e+03
10,30,60,3.547916e+03
10,30,70,3.547916e+03
10,30,80,3.547908e+03
10,30,90,3.547906e+03
10,30,100,3.547906e+03
10,30,1,7.978219e+03
10,30,2,7.001519e+03
10,30,3,5.730498e+03
10,30,5,4.949761e+03
10,30,10,4.903044e+03
10,30,20,4.902673e+03
10,30,30,4.902652e+03
10,30,40,4.902648e+03
10,30,50,4.902646e+03
10,30,60,4.902641e+03
10,30,70,4.902640e+03
10,30,80,4.902639e+03
10,30,90,4.902638e+03
10,30,100,4.902637e+03
10,30,1,7.755258e+03
10,30,2,6.169419e+03
10,30,3,3.791391e+03
10,30,5,3.058054e+03
10,30,10,3.042966e+03
10,30,20,3.042741e+03
10,30,30,3.042719e+03
10,30,40,3.042708e+03
10,30,50,3.042708e+03
10,30,60,3.042708e+03
10,30,70,3.042707e+03
10,30,80,3.042706e+03
10,30,90,3.042706e+03
10,30,100,3.042706e+03
10,30,1,7.078855e+03
10,30,2,4.704126e+03
10,30,3,4.326740e+03
10,30,5,4.292540e+03
10,30,10,4.287739e+03
10,30,20,4.287536e+03
10,30,30,4.287430e+03
10,30,40,4.287247e+03
10,30,50,4.287207e+03
10,30,60,4.287199e+03
10,30,70,4.287198e+03
10,30,80,4.287195e+03
10,30,90,4.287191e+03
10,30,100,4.287190e+03
10,30,1,7.951141e+03
10,30,2,4.297904e+03
10,30,3,3.350004e+03
10,30,5,2.977050e+03
10,30,10,2.940952e+03
10,30,20,2.938292e+03
10,30,30,2.938028e+03
10,30,40,2.938011e+03
10,30,50,2.937999e+03
10,30,60,2.937997e+03
10,30,70,2.937996e+03
10,30,80,2.937995e+03
10,30,90,2.937993e+03
10,30,100,2.937992e+03
10,30,1,6.425265e+03
10,30,2,4.157967e+03
10,30,3,3.606431e+03
10,30,5,3.397327e+03
10,30,10,3.380992e+03
10,30,20,3.380089e+03
10,30,30,3.379985e+03
10,30,40,3.379980e+03
10,30,50,3.379978e+03
10,30,60,3.379964e+03
10,30,70,3.379962e+03
10,30,80,3.379962e+03
10,30,90,3.379962e+03
10,30,100,3.379962e+03
10,30,1,8.117251e+03
10,30,2,5.494640e+03
10,30,3,3.799237e+03
10,30,5,2.693790e+03
10,30,10,2.588306e+03
10,30,20,2.586708e+03
10,30,30,2.586630e+03
10,30,40,2.586588e+03
10,30,50,2.586587e+03
10,30,60,2.586586e+03
10,30,70,2.586586e+03
10,30,80,2.586586e+03
10,30,90,2.586586e+03
10,30,100,2.586586e+03
10,30,1,6.061758e+03
10,30,2,4.206270e+03
10,30,3,3.459066e+03
10,30,5,3.391649e+03
10,30,10,3.388875e+03
10,30,20,3.388245e+03
10,30,30,3.388087e+03
10,30,40,3.388062e+03
10,30,50,3.388052e+03
10,30,60,3.388051e+03
10,30,70,3.388047e+03
10,30,80,3.388044e+03
10,30,90,3.388043e+03
10,30,100,3.388043e+03
10,30,1,6.467536e+03
10,30,2,3.597521e+03
10,30,3,2.629571e+03
10,30,5,2.456864e+03
10,30,10,2.451286e+03
10,30,20,2.450836e+03
10,30,30,2.450811e+03
10,30,40,2.450798e+03
10,30,50,2.450791e+03
10,30,60,2.450785e+03
10,30,70,2.450779e+03
10,30,80,2.450778e+03
10,30,90,2.450777e+03
10,30,100,2.450777e+03
10,30,1,5.100728e+03
10,30,2,2.966138e+03
10,30,3,2.813550e+03
10,30,5,2.805907e+03
10,30,10,2.805875e+03
10,30,20,2.805875e+03
10,30,30,2.805875e+03
10,30,40,2.805875e+03
10,30,50,2.805875e+03
10,30,60,2.805875e+03
10,30,70,2.805875e+03
10,30,80,2.805875e+03
10,30,90,2.805875e+03
10,30,100,2.805875e+03
10,30,1,6.376568e+03
10,30,2,4.672551e+03
10,30,3,4.401336e+03
10,30,5,4.390651e+03
10,30,10,4.390619e+03
10,30,20,4.390619e+03
10,30,30,4.390619e+03
10,30,40,4.390619e+03
10,30,50,4.390619e+03
10,30,60,4.390619e+03
10,30,70,4.390619e+03
10,30,80,4.390619e+03
10,30,90,4.390619e+03
10,30,100,4.390619e+03
10,30,1,7.743102e+03
10,30,2,7.210877e+03
10,30,3,5.282822e+03
10,30,5,3.371876e+03
10,30,10,3.360535e+03
10,30,20,3.360535e+03
10,30,30,3.360535e+03
10,30,40,3.360535e+03
10,30,50,3.360535e+03
10,30,60,3.360535e+03
10,30,70,3.360535e+03
10,30,80,3.360535e+03
10,30,90,3.360535e+03
10,30,100,3.360535e+03
10,30,1,6.637579e+03
10,30,2,4.723426e+03
10,30,3,4.444276e+03
10,30,5,4.416935e+03
10,30,10,4.414942e+03
10,30,20,4.399048e+03
10,30,30,4.399013e+03
10,30,40,4.398886e+03
10,30,50,4.398882e+03
10,30,60,4.398877e+03
10,30,70,4.398877e+03
10,30,80,4.398876e+03
10,30,90,4.398876e+03
10,30,100,4.398876e+03
10,30,1,7.035757e+03
10,30,2,4.741889e+03
10,30,3,4.052631e+03
10,30,5,3.879099e+03
10,30,10,3.869309e+03
10,30,20,3.868755e+03
10,30,30,3.868703e+03
10,30,40,3.868685e+03
10,30,50,3.868679e+03
10,30,60,3.868676e+03
10,30,70,3.868673e+03
10,30,80,3.868671e+03
10,30,90,3.868670e+03
10,30,100,3.868669e+03
10,30,1,7.564371e+03
10,30,2,5.406100e+03
10,30,3,3.596290e+03
10,30,5,3.094638e+03
10,30,10,3.073910e+03
10,30,20,3.070849e+03
10,30,30,3.070448e+03
10,30,40,3.070331e+03
10,30,50,3.070328e+03
10,30,60,3.070327e+03
10,30,70,3.070327e+03
10,30,80,3.070326e+03
10,30,90,3.070326e+03
10,30,100,3.070326e+03
10,30,1,6.071976e+03
10,30,2,3.711570e+03
10,30,3,2.904165e+03
10,30,5,2.852591e+03
10,30,10,2.852515e+03
10,30,20,2.852515e+03
10,30,30,2.852515e+03
10,30,40,2.852515e+03
10,30,50,2.852515e+03
10,30,60,2.852515e+03
10,30,70,2.852515e+03
10,30,80,2.852515e+03
10,30,90,2.852515e+03
10,30,100,2.852515e+03
10,30,1,6.233266e+03
10,30,2,4.145903e+03
10,30,3,3.919688e+03
10,30,5,3.809401e+03
10,30,10,3.794354e+03
10,30,20,3.792851e+03
10,30,30,3.790621e+03
10,30,40,3.790461e+03
10,30,50,3.790437e+03
10,30,60,3.790431e+03
10,30,70,3.790431e+03
10,30,80,3.790431e+03
10,30,90,3.790430e+03
10,30,100,3.790430e+03
10,30,1,6.682186e+03
10,30,2,4.231993e+03
10,30,3,3.314735e+03
10,30,5,3.088473e+03
10,30,10,3.048346e+03
10,30,20,3.048133e+03
10,30,30,3.047760e+03
10,30,40,3.046045e+03
10,30,50,3.045939e+03
10,30,60,3.045926e+03
10,30,70,3.045923e+03
10,30,80,3.045921e+03
10,30,90,3.045920e+03
10,30,100,3.045920e+03
