funcid,dim,milestone,error
23,50,1,9.923909e+02
23,50,2,9.684872e+02
23,50,3,9.683852e+02
23,50,5,9.683839e+02
23,50,10,9.683839e+02
23,50,20,9.683839e+02
23,50,30,9.683839e+02
23,50,40,9.683839e+02
23,50,50,9.683839e+02
23,50,60,9.683839e+02
23,50,70,9.683839e+02
23,50,80,9.683839e+02
23,50,90,9.683839e+02
23,50,100,9.683839e+02
23,50,1,1.206192e+03
23,50,2,1.155134e+03
23,50,3,1.154220e+03
23,50,5,1.154214e+03
23,50,10,1.154214e+03
23,50,20,1.154214e+03
23,50,30,1.154214e+03
23,50,40,1.154214e+03
23,50,50,1.154214e+03
23,50,60,1.154214e+03
23,50,70,1.154214e+03
23,50,80,1.154214e+03
23,50,90,1.154214e+03
23,50,100,1.154214e+03
23,50,1,1.000546e+03
23,50,2,9.525789e+02
23,50,3,9.516633e+02
23,50,5,9.516477e+02
23,50,10,9.502146e+02
23,50,20,9.502146e+02
23,50,30,9.502146e+02
23,50,40,9.502146e+02
23,50,50,9.502146e+02
23,50,60,9.502146e+02
23,50,70,9.502146e+02
23,50,80,9.502146e+02
23,50,90,9.502146e+02
23,50,100,9.502146e+02
23,50,1,1.018850e+03
23,50,2,9.082769e+02
23,50,3,9.053115e+02
23,50,5,9.049053e+02
23,50,10,9.048744e+02
23,50,20,9.048744e+02
23,50,30,9.048734e+02
23,50,40,9.048733e+02
23,50,50,9.048732e+02
23,50,60,9.048732e+02
23,50,70,9.048732e+02
23,50,80,9.048732e+02
23,50,90,9.048732e+02
23,50,100,9.048732e+02
23,50,1,1.157752e+03
23,50,2,1.104423e+03
23,50,3,1.101475e+03
23,50,5,1.101429e+03
23,50,10,1.101428e+03
23,50,20,1.101428e+03
23,50,30,1.101428e+03
23,50,40,1.101428e+03
23,50,50,1.101428e+03
23,50,60,1.101428e+03
23,50,70,1.101428e+03
23,50,80,1.101428e+03
23,50,90,1.101428e+03
23,50,100,1.101428e+03
23,50,1,8.502266e+02
23,50,2,7.977455e+02
23,50,3,7.965518e+02
23,50,5,7.965167e+02
23,50,10,7.965167e+02
23,50,20,7.965167e+02
23,50,30,7.965167e+02
23,50,40,7.965167e+02
23,50,50,7.965167e+02
23,50,60,7.965167e+02
23,50,70,7.965167e+02
23,50,80,7.965167e+02
23,50,90,7.965167e+02
23,50,100,7.965167e+02
23,50,1,9.433205e+02
23,50,2,9.109361e+02
23,50,3,9.071525e+02
23,50,5,9.065730e+02
23,50,10,9.065561e+02
23,50,20,9.065519e+02
23,50,30,9.065519e+02
23,50,40,9.065519e+02
23,50,50,9.065519e+02
23,50,60,9.065519e+02
23,50,70,9.065519e+02
23,50,80,9.065519e+02
23,50,90,9.065519e+02
23,50,100,9.065519e+02
23,50,1,1.072457e+03
23,50,2,1.068917e+03
23,50,3,1.068619e+03
23,50,5,1.068618e+03
23,50,10,1.068618e+03
23,50,20,1.068618e+03
23,50,30,1.068618e+03
23,50,40,1.068618e+03
23,50,50,1.068618e+03
23,50,60,1.068618e+03
23,50,70,1.068618e+03
23,50,80,1.068618e+03
23,50,90,1.068618e+03
23,50,100,1.068618e+03
23,50,1,9.646935e+02
23,50,2,9.238315e+02
23,50,3,9.236399e+02
23,50,5,9.236387e+02
23,50,10,9.236387e+02
23,50,20,9.236387e+02
23,50,30,9.236387e+02
23,50,40,9.236387e+02
23,50,50,9.236387e+02
23,50,60,9.236387e+02
23,50,70,9.236387e+02
23,50,80,9.236387e+02
23,50,90,9.236387e+02
23,50,100,9.236387e+02
23,50,1,9.899239e+02
23,50,2,9.446493e+02
23,50,3,9.441802e+02
23,50,5,9.441750e+02
23,50,10,9.441750e+02
23,50,20,9.441750e+02
23,50,30,9.441750e+02
23,50,40,9.441750e+02
23,50,50,9.441750e+02
23,50,60,9.441750e+02
23,50,70,9.441750e+02
23,50,80,9.441750e+02
23,50,90,9.441750e+02
23,50,100,9.441750e+02
23,50,1,1.142934e+03
23,50,2,1.060888e+03
23,50,3,1.049620e+03
23,50,5,1.048859e+03
23,50,10,1.048858e+03
23,50,20,1.048858e+03
23,50,30,1.048858e+03
23,50,40,1.048858e+03
23,50,50,1.048858e+03
23,50,60,1.048858e+03
23,50,70,1.048858e+03
23,50,80,1.048858e+03
23,50,90,1.048858e+03
23,50,100,1.048858e+03
23,50,1,1.170262e+03
23,50,2,1.163509e+03
23,50,3,1.163367e+03
23,50,5,1.163290e+03
23,50,10,1.163290e+03
23,50,20,1.163289e+03
23,50,30,1.163289e+03
23,50,40,1.163289e+03
23,50,50,1.163289e+03
23,50,60,1.163289e+03
23,50,70,1.163289e+03
23,50,80,1.163289e+03
23,50,90,1.163289e+03
23,50,100,1.163289e+03
23,50,1,1.023033e+03
23,50,2,9.885800e+02
23,50,3,9.883839e+02
23,50,5,9.883817e+02
23,50,10,9.883817e+02
23,50,20,9.883817e+02
23,50,30,9.883817e+02
23,50,40,9.883817e+02
23,50,50,9.883817e+02
23,50,60,9.883817e+02
23,50,70,9.883817e+02
23,50,80,9.883817e+02
23,50,90,9.883817e+02
23,50,100,9.883817e+02
23,50,1,1.092720e+03
23,50,2,1.085279e+03
23,50,3,1.085272e+03
23,50,5,1.085272e+03
23,50,10,1.085272e+03
23,50,20,1.085272e+03
23,50,30,1.085272e+03
23,50,40,1.085272e+03
23,50,50,1.085272e+03
23,50,60,1.085272e+03
23,50,70,1.085272e+03
23,50,80,1.085272e+03
23,50,90,1.085272e+03
23,50,100,1.085272e+03
23,50,1,1.073765e+03
23,50,2,1.069587e+03
23,50,3,1.067249e+03
23,50,5,1.067217e+03
23,50,10,1.067217e+03
23,50,20,1.067217e+03
23,50,30,1.067217e+03
23,50,40,1.067217e+03
23,50,50,1.067217e+03
23,50,60,1.067217e+03
23,50,70,1.067217e+03
23,50,80,1.067217e+03
23,50,90,1.067217e+03
23,50,100,1.067217e+03
23,50,1,1.068750e+03
23,50,2,9.968663e+02
23,50,3,9.895429e+02
23,50,5,9.894786e+02
23,50,10,9.894782e+02
23,50,20,9.894782e+02
23,50,30,9.894782e+02
23,50,40,9.894782e+02
23,50,50,9.894782e+02
23,50,60,9.894782e+02
23,50,70,9.894782e+02
23,50,80,9.894782e+02
23,50,90,9.894782e+02
23,50,100,9.894782e+02
23,50,1,1.086609e+03
23,50,2,1.032556e+03
23,50,3,1.030170e+03
23,50,5,1.030125e+03
23,50,10,1.030125e+03
23,50,20,1.030125e+03
23,50,30,1.030125e+03
23,50,40,1.030125e+03
23,50,50,1.030125e+03
23,50,60,1.030125e+03
23,50,70,1.030125e+03
23,50,80,1.030125e+03
23,50,90,1.030125e+03
23,50,100,1.030125e+03
23,50,1,1.294751e+03
23,50,2,1.291111e+03
23,50,3,1.291092e+03
23,50,5,1.291092e+03
23,50,10,1.291092e+03
23,50,20,1.291092e+03
23,50,30,1.291092e+03
23,50,40,1.291092e+03
23,50,50,1.291092e+03
23,50,60,1.291092e+03
23,50,70,1.291092e+03
23,50,80,1.291092e+03
23,50,90,1.291092e+03
23,50,100,1.291092e+03
23,50,1,1.155914e+03
23,50,2,1.135288e+03
23,50,3,1.135119e+03
23,50,5,1.134665e+03
23,50,10,1.134665e+03
23,50,20,1.134665e+03
23,50,30,1.134665e+03
23,50,40,1.134665e+03
23,50,50,1.134665e+03
23,50,60,1.134665e+03
23,50,70,1.134665e+03
23,50,80,1.134665e+03
23,50,90,1.134665e+03
23,50,100,1.134665e+03
23,50,1,9.468447e+02
23,50,2,9.222750e+02
23,50,3,9.217430e+02
23,50,5,9.216320e+02
23,50,10,9.216309e+02
23,50,20,9.216298e+02
23,50,30,9.216298e+02
23,50,40,9.216298e+02
23,50,50,9.216298e+02
23,50,60,9.216298e+02
23,50,70,9.216298e+02
23,50,80,9.216298e+02
23,50,90,9.216298e+02
23,50,100,9.216298e+02
23,50,1,1.083427e+03
23,50,2,1.021719e+03
23,50,3,1.021334e+03
23,50,5,1.021333e+03
23,50,10,1.021333e+03
23,50,20,1.021333e+03
23,50,30,1.021333e+03
23,50,40,1.021333e+03
23,50,50,1.021333e+03
23,50,60,1.021333e+03
23,50,70,1.021333e+03
23,50,80,1.021333e+03
23,50,90,1.021333e+03
23,50,100,1.021333e+03
23,50,1,9.473448e+02
23,50,2,7.753504e+02
23,50,3,7.728881e+02
23,50,5,7.723483e+02
23,50,10,7.723432e+02
23,50,20,7.723430e+02
23,50,30,7.723430e+02
23,50,40,7.723423e+02
23,50,50,7.723410e+02
23,50,60,7.723410e+02
23,50,70,7.723410e+02
23,50,80,7.723410e+02
23,50,90,7.723410e+02
23,50,100,7.723410e+02
23,50,1,8.758013e+02
23,50,2,8.304097e+02
23,50,3,8.297208e+02
23,50,5,8.297157e+02
23,50,10,8.297155e+02
23,50,20,8.297155e+02
23,50,30,8.297155e+02
23,50,40,8.297155e+02
23,50,50,8.297155e+02
23,50,60,8.297155e+02
23,50,70,8.297155e+02
23,50,80,8.297155e+02
23,50,90,8.297155e+02
23,50,100,8.297155e+02
23,50,1,1.179982e+03
23,50,2,1.156910e+03
23,50,3,1.156608e+03
23,50,5,1.149456e+03
23,50,10,1.149341e+03
23,50,20,1.149341e+03
23,50,30,1.149341e+03
23,50,40,1.149341e+03
23,50,50,1.149341e+03
23,50,60,1.149341e+03
23,50,70,1.149341e+03
23,50,80,1.149341e+03
23,50,90,1.149341e+03
23,50,100,1.149341e+03
23,50,1,9.961931e+02
23,50,2,9.566307e+02
23,50,3,9.347038e+02
23,50,5,9.346227e+02
23,50,10,9.346226e+02
23,50,20,9.346226e+02
23,50,30,9.346226e+02
23,50,40,9.346226e+02
23,50,50,9.346226e+02
23,50,60,9.346226e+02
23,50,70,9.346226e+02
23,50,80,9.346226e+02
23,50,90,9.346226e+02
23,50,100,9.346226e+02
23,50,1,1.011046e+03
23,50,2,9.408640e+02
23,50,3,9.285020e+02
23,50,5,9.284348e+02
23,50,10,9.284348e+02
23,50,20,9.284348e+02
23,50,30,9.284348e+02
23,50,40,9.284348e+02
23,50,50,9.284348e+02
23,50,60,9.284348e+02
23,50,70,9.284348e+02
23,50,80,9.284348e+02
23,50,90,9.284348e+02
23,50,100,9.284348e+02
23,50,1,1.063476e+03
23,50,2,9.037859e+02
23,50,3,8.647961e+02
23,50,5,8.622094e+02
23,50,10,8.622002e+02
23,50,20,8.622001e+02
23,50,30,8.621999e+02
23,50,40,8.621998e+02
23,50,50,8.621998e+02
23,50,60,8.621998e+02
23,50,70,8.621998e+02
23,50,80,8.621998e+02
23,50,90,8.621998e+02
23,50,100,8.621998e+02
23,50,1,1.064349e+03
23,50,2,1.045284e+03
23,50,3,1.045250e+03
23,50,5,1.045250e+03
23,50,10,1.045250e+03
23,50,20,1.045250e+03
23,50,30,1.045250e+03
23,50,40,1.045250e+03
23,50,50,1.045250e+03
23,50,60,1.045250e+03
23,50,70,1.045250e+03
23,50,80,1.045250e+03
23,50,90,1.045250e+03
23,50,100,1.045250e+03
23,50,1,8.778421e+02
23,50,2,8.426713e+02
23,50,3,8.412946e+02
23,50,5,8.412606e+02
23,50,10,8.412605e+02
23,50,20,8.412605e+02
23,50,30,8.412605e+02
23,50,40,8.412605e+02
23,50,50,8.412605e+02
23,50,60,8.412605e+02
23,50,70,8.412605e+02
23,50,80,8.412605e+02
23,50,90,8.412605e+02
23,50,100,8.412605e+02
23,50,1,9.284227e+02
23,50,2,8.435349e+02
23,50,3,8.421281e+02
23,50,5,8.420941e+02
23,50,10,8.420941e+02
23,50,20,8.420941e+02
23,50,30,8.420941e+02
23,50,40,8.420941e+02
23,50,50,8.420941e+02
23,50,60,8.420941e+02
23,50,70,8.420941e+02
23,50,80,8.420941e+02
23,50,90,8.420941e+02
23,50,100,8.420941e+02
23,50,1,1.157828e+03
23,50,2,1.145504e+03
23,50,3,1.145266e+03
23,50,5,1.145257e+03
23,50,10,1.145257e+03
23,50,20,1.145257e+03
23,50,30,1.145257e+03
23,50,40,1.145257e+03
23,50,50,1.145257e+03
23,50,60,1.145257e+03
23,50,70,1.145257e+03
23,50,80,1.145257e+03
23,50,90,1.145257e+03
23,50,100,1.145257e+03
