funcid,dim,milestone,error
14,30,1,6.951582e+04
14,30,2,1.851994e+04
14,30,3,1.754586e+04
14,30,5,1.633566e+04
14,30,10,1.480083e+04
14,30,20,1.053861e+04
14,30,30,9.781014e+03
14,30,40,8.820144e+03
14,30,50,8.284913e+03
14,30,60,7.860097e+03
14,30,70,7.403710e+03
14,30,80,6.794013e+03
14,30,90,6.552917e+03
14,30,100,6.328794e+03
14,30,1,3.825420e+05
14,30,2,1.056468e+05
14,30,3,4.216998e+04
14,30,5,1.853644e+04
14,30,10,1.395320e+04
14,30,20,1.349560e+04
14,30,30,1.314939e+04
14,30,40,1.285557e+04
14,30,50,1.231680e+04
14,30,60,1.199360e+04
14,30,70,1.161203e+04
14,30,80,1.125772e+04
14,30,90,1.089648e+04
14,30,100,1.057156e+04
14,30,1,3.536487e+04
14,30,2,3.015244e+04
14,30,3,2.783400e+04
14,30,5,2.482928e+04
14,30,10,2.165031e+04
14,30,20,1.770576e+04
14,30,30,1.385637e+04
14,30,40,1.076343e+04
14,30,50,8.732925e+03
14,30,60,6.860931e+03
14,30,70,5.367204e+03
14,30,80,4.278393e+03
14,30,90,3.604389e+03
14,30,100,2.888675e+03
14,30,1,4.954564e+05
14,30,2,1.856123e+05
14,30,3,1.285857e+05
14,30,5,7.900283e+04
14,30,10,3.687325e+04
14,30,20,2.871454e+04
14,30,30,1.744614e+04
14,30,40,1.305279e+04
14,30,50,1.041432e+04
14,30,60,8.385152e+03
14,30,70,6.896565e+03
14,30,80,5.762206e+03
14,30,90,5.102351e+03
14,30,100,4.319232e+03
14,30,1,6.221746e+05
14,30,2,2.722477e+05
14,30,3,1.055868e+05
14,30,5,2.295498e+04
14,30,10,8.870912e+03
14,30,20,7.693788e+03
14,30,30,7.185431e+03
14,30,40,6.845885e+03
14,30,50,6.355832e+03
14,30,60,6.039239e+03
14,30,70,5.655968e+03
14,30,80,5.391752e+03
14,30,90,5.099021e+03
14,30,100,4.899719e+03
14,30,1,2.792367e+05
14,30,2,7.819893e+04
14,30,3,2.741240e+04
14,30,5,1.654617e+04
14,30,10,1.310856e+04
14,30,20,9.244110e+03
14,30,30,6.350237e+03
14,30,40,4.638993e+03
14,30,50,3.695621e+03
14,30,60,2.820096e+03
14,30,70,2.198575e+03
14,30,80,1.627256e+03
14,30,90,1.362222e+03
14,30,100,1.156774e+03
14,30,1,2.553366e+06
14,30,2,4.291707e+05
14,30,3,2.064917e+05
14,30,5,2.424202e+04
14,30,10,6.790831e+03
14,30,20,6.190488e+03
14,30,30,5.783814e+03
14,30,40,5.361136e+03
14,30,50,5.183914e+03
14,30,60,4.966254e+03
14,30,70,4.821123e+03
14,30,80,4.627977e+03
14,30,90,4.478103e+03
14,30,100,4.293817e+03
14,30,1,2.402095e+05
14,30,2,2.044673e+05
14,30,3,1.267666e+05
14,30,5,1.086216e+05
14,30,10,8.884890e+04
14,30,20,7.743017e+04
14,30,30,7.287465e+04
14,30,40,6.725655e+04
14,30,50,6.255788e+04
14,30,60,5.712810e+04
14,30,70,5.394830e+04
14,30,80,5.066302e+04
14,30,90,4.772052e+04
14,30,100,4.443587e+04
14,30,1,1.376551e+05
14,30,2,4.318208e+04
14,30,3,1.496126e+04
14,30,5,1.264305e+04
14,30,10,1.068352e+04
14,30,20,7.861385e+03
14,30,30,6.710021e+03
14,30,40,5.925033e+03
14,30,50,5.005351e+03
14,30,60,3.746330e+03
14,30,70,3.211495e+03
14,30,80,2.824168e+03
14,30,90,2.499515e+03
14,30,100,2.248168e+03
14,30,1,7.304098e+04
14,30,2,5.094015e+04
14,30,3,4.306339e+04
14,30,5,3.971410e+04
14,30,10,3.192441e+04
14,30,20,2.263500e+04
14,30,30,1.870994e+04
14,30,40,1.495319e+04
14,30,50,1.301483e+04
14,30,60,1.086918e+04
14,30,70,8.676029e+03
14,30,80,8.356289e+03
14,30,90,7.847906e+03
14,30,100,7.409307e+03
14,30,1,7.372005e+05
14,30,2,5.094980e+05
14,30,3,2.203269e+05
14,30,5,8.905300e+04
14,30,10,5.518266e+04
14,30,20,4.010441e+04
14,30,30,2.778967e+04
14,30,40,2.044358e+04
14,30,50,1.499906e+04
14,30,60,1.187944e+04
14,30,70,8.958864e+03
14,30,80,6.764099e+03
14,30,90,4.929992e+03
14,30,100,4.244602e+03
14,30,1,2.543999e+05
14,30,2,6.332490e+04
14,30,3,4.620679e+04
14,30,5,7.616734e+03
14,30,10,5.374358e+03
14,30,20,4.685064e+03
14,30,30,4.043734e+03
14,30,40,3.565704e+03
14,30,50,3.249808e+03
14,30,60,2.997633e+03
14,30,70,2.815280e+03
14,30,80,2.713992e+03
14,30,90,2.582715e+03
14,30,100,2.480023e+03
14,30,1,2.008980e+06
14,30,2,1.119165e+06
14,30,3,3.001218e+05
14,30,5,2.745364e+05
14,30,10,2.728343e+05
14,30,20,2.728343e+05
14,30,30,2.728343e+05
14,30,40,2.728343e+05
14,30,50,2.728343e+05
14,30,60,2.728343e+05
14,30,70,2.728343e+05
14,30,80,2.728343e+05
14,30,90,2.728343e+05
14,30,100,2.728343e+05
14,30,1,9.467356e+05
14,30,2,3.283201e+05
14,30,3,1.958863e+05
14,30,5,3.862555e+04
14,30,10,8.561579e+03
14,30,20,6.212586e+03
14,30,30,5.388087e+03
14,30,40,4.507141e+03
14,30,50,3.911172e+03
14,30,60,3.318974e+03
14,30,70,2.650760e+03
14,30,80,2.418878e+03
14,30,90,2.241971e+03
14,30,100,2.099667e+03
14,30,1,1.124547e+06
14,30,2,2.421546e+05
14,30,3,9.459928e+04
14,30,5,2.882686e+04
14,30,10,1.441790e+04
14,30,20,1.352149e+04
14,30,30,1.314196e+04
14,30,40,1.299029e+04
14,30,50,1.278527e+04
14,30,60,1.225747e+04
14,30,70,1.008954e+04
14,30,80,9.100976e+03
14,30,90,8.459623e+03
14,30,100,7.841879e+03
14,30,1,1.026437e+06
14,30,2,4.991552e+05
14,30,3,1.665602e+05
14,30,5,7.251277e+04
14,30,10,4.400162e+04
14,30,20,3.932727e+04
14,30,30,3.690395e+04
14,30,40,3.415886e+04
14,30,50,3.229281e+04
14,30,60,3.027137e+04
14,30,70,2.888251e+04
14,30,80,2.798059e+04
14,30,90,2.626294e+04
14,30,100,2.488899e+04
14,30,1,1.980329e+05
14,30,2,1.103850e+05
14,30,3,8.957925e+04
14,30,5,8.556463e+04
14,30,10,7.903473e+04
14,30,20,7.274095e+04
14,30,30,6.746782e+04
14,30,40,6.242072e+04
14,30,50,5.632386e+04
14,30,60,5.228559e+04
14,30,70,4.907717e+04
14,30,80,4.614560e+04
14,30,90,4.356344e+04
14,30,100,4.045924e+04
14,30,1,3.937063e+05
14,30,2,2.620662e+05
14,30,3,2.056212e+05
14,30,5,1.586974e+05
14,30,10,1.187795e+05
14,30,20,1.058255e+05
14,30,30,9.507806e+04
14,30,40,8.767467e+04
14,30,50,8.030978e+04
14,30,60,7.222064e+04
14,30,70,6.777451e+04
14,30,80,6.439818e+04
14,30,90,5.998310e+04
14,30,100,5.560719e+04
14,30,1,3.178016e+06
14,30,2,1.052968e+06
14,30,3,1.373231e+05
14,30,5,2.297629e+04
14,30,10,1.668020e+03
14,30,20,1.239379e+03
14,30,30,1.164149e+03
14,30,40,1.098730e+03
14,30,50,1.060815e+03
14,30,60,1.022752e+03
14,30,70,9.732451e+02
14,30,80,9.491352e+02
14,30,90,9.213338e+02
14,30,100,9.041046e+02
14,30,1,4.472186e+05
14,30,2,5.692208e+04
14,30,3,1.963807e+04
14,30,5,3.744845e+03
14,30,10,2.815365e+03
14,30,20,2.343096e+03
14,30,30,2.136518e+03
14,30,40,1.973590e+03
14,30,50,1.805586e+03
14,30,60,1.657483e+03
14,30,70,1.578115e+03
14,30,80,1.511470e+03
14,30,90,1.453167e+03
14,30,100,1.402393e+03
14,30,1,8.805978e+04
14,30,2,6.033539e+04
14,30,3,5.797809e+04
14,30,5,5.498476e+04
14,30,10,4.582719e+04
14,30,20,3.147674e+04
14,30,30,2.441202e+04
14,30,40,1.776949e+04
14,30,50,1.385762e+04
14,30,60,1.193484e+04
14,30,70,9.786557e+03
14,30,80,7.944924e+03
14,30,90,6.561434e+03
14,30,100,5.674728e+03
14,30,1,6.417745e+05
14,30,2,2.362987e+05
14,30,3,7.554731e+04
14,30,5,1.446918e+04
14,30,10,1.182767e+04
14,30,20,8.795397e+03
14,30,30,7.203017e+03
14,30,40,5.746004e+03
14,30,50,2.406777e+03
14,30,60,2.167485e+03
14,30,70,1.928590e+03
14,30,80,1.397134e+03
14,30,90,1.246398e+03
14,30,100,1.149046e+03
14,30,1,2.693449e+05
14,30,2,3.137407e+04
14,30,3,1.383157e+04
14,30,5,7.418397e+03
14,30,10,6.340788e+03
14,30,20,5.206394e+03
14,30,30,4.221661e+03
14,30,40,3.502524e+03
14,30,50,3.075280e+03
14,30,60,2.741679e+03
14,30,70,2.592453e+03
14,30,80,2.350468e+03
14,30,90,2.185396e+03
14,30,100,2.031635e+03
14,30,1,4.161200e+05
14,30,2,2.027670e+05
14,30,3,1.791353e+04
14,30,5,3.605391e+03
14,30,10,3.022436e+03
14,30,20,2.227674e+03
14,30,30,1.772645e+03
14,30,40,1.510207e+03
14,30,50,1.194831e+03
14,30,60,1.047420e+03
14,30,70,8.636969e+02
14,30,80,7.296320e+02
14,30,90,6.551294e+02
14,30,100,5.823689e+02
14,30,1,5.361461e+05
14,30,2,1.687525e+05
14,30,3,8.564063e+04
14,30,5,5.276638e+04
14,30,10,4.177954e+04
14,30,20,3.001844e+04
14,30,30,2.167659e+04
14,30,40,1.701560e+04
14,30,50,1.132354e+04
14,30,60,9.741604e+03
14,30,70,8.170640e+03
14,30,80,6.915957e+03
14,30,90,5.798157e+03
14,30,100,4.952325e+03
14,30,1,7.130853e+05
14,30,2,3.047044e+05
14,30,3,1.837863e+05
14,30,5,7.946828e+04
14,30,10,6.365986e+04
14,30,20,4.533416e+04
14,30,30,3.238230e+04
14,30,40,2.548409e+04
14,30,50,1.969803e+04
14,30,60,1.609622e+04
14,30,70,1.311491e+04
14,30,80,1.064401e+04
14,30,90,8.712500e+03
14,30,100,6.687737e+03
14,30,1,9.269963e+05
14,30,2,4.550003e+05
14,30,3,1.841177e+05
14,30,5,6.012473e+04
14,30,10,2.873535e+04
14,30,20,2.477901e+04
14,30,30,2.336772e+04
14,30,40,2.223991e+04
14,30,50,2.134295e+04
14,30,60,2.048392e+04
14,30,70,1.953519e+04
14,30,80,1.891972e+04
14,30,90,1.833911e+04
14,30,100,1.777755e+04
14,30,1,5.399193e+05
14,30,2,1.575413e+05
14,30,3,7.844553e+04
14,30,5,3.226014e+04
14,30,10,2.697522e+04
14,30,20,2.095593e+04
14,30,30,1.624049e+04
14,30,40,1.190366e+04
14,30,50,9.309779e+03
14,30,60,7.479632e+03
14,30,70,5.795885e+03
14,30,80,4.492378e+03
14,30,90,3.526002e+03
14,30,100,2.733010e+03
14,30,1,7.421741e+05
14,30,2,7.387677e+04
14,30,3,5.333135e+04
14,30,5,2.215202e+04
14,30,10,5.453750e+03
14,30,20,4.402528e+03
14,30,30,3.799226e+03
14,30,40,3.399919e+03
14,30,50,3.122964e+03
14,30,60,2.921149e+03
14,30,70,2.572574e+03
14,30,80,2.415073e+03
14,30,90,2.277651e+03
14,30,100,2.118560e+03
14,30,1,6.122403e+05
14,30,2,2.303539e+05
14,30,3,1.244409e+05
14,30,5,1.984304e+04
14,30,10,2.719061e+03
14,30,20,2.311266e+03
14,30,30,2.010452e+03
14,30,40,1.692540e+03
14,30,50,1.480243e+03
14,30,60,1.308485e+03
14,30,70,1.174134e+03
14,30,80,1.066254e+03
14,30,90,9.900355e+02
14,30,100,9.290448e+02
14,30,1,4.838168e+05
14,30,2,1.106888e+05
14,30,3,3.037516e+04
14,30,5,8.767886e+03
14,30,10,5.122205e+03
14,30,20,4.804102e+03
14,30,30,4.602583e+03
14,30,40,4.402102e+03
14,30,50,4.149137e+03
14,30,60,3.913051e+03
14,30,70,3.739536e+03
14,30,80,3.592214e+03
14,30,90,3.445796e+03
14,30,100,2.874654e+03
