funcid,dim,milestone,error
30,50,1,9.719415e+09
30,50,2,7.789014e+09
30,50,3,2.944529e+09
30,50,5,1.168879e+09
30,50,10,5.107568e+08
30,50,20,4.090992e+08
30,50,30,4.000643e+08
30,50,40,3.885504e+08
30,50,50,3.755430e+08
30,50,60,3.652796e+08
30,50,70,3.461790e+08
30,50,80,3.353979e+08
30,50,90,3.215296e+08
30,50,100,2.886708e+08
30,50,1,6.814484e+09
30,50,2,4.534380e+09
30,50,3,2.945872e+09
30,50,5,7.629027e+08
30,50,10,6.376081e+08
30,50,20,5.028461e+08
30,50,30,4.117140e+08
30,50,40,3.994535e+08
30,50,50,3.826164e+08
30,50,60,3.690820e+08
30,50,70,3.625304e+08
30,50,80,3.457990e+08
30,50,90,3.338683e+08
30,50,100,2.767561e+08
30,50,1,9.173923e+09
30,50,2,4.866124e+09
30,50,3,4.219904e+09
30,50,5,1.537462e+09
30,50,10,7.373291e+08
30,50,20,3.057293e+08
30,50,30,2.967988e+08
30,50,40,2.915660e+08
30,50,50,2.831263e+08
30,50,60,2.731099e+08
30,50,70,2.679188e+08
30,50,80,2.615693e+08
30,50,90,2.565995e+08
30,50,100,2.469928e+08
30,50,1,4.392488e+09
30,50,2,3.070989e+09
30,50,3,2.168966e+09
30,50,5,1.125788e+09
30,50,10,5.070254e+08
30,50,20,4.262334e+08
30,50,30,3.976927e+08
30,50,40,3.761298e+08
30,50,50,3.615055e+08
30,50,60,3.439420e+08
30,50,70,3.310555e+08
30,50,80,3.211870e+08
30,50,90,3.081691e+08
30,50,100,2.965910e+08
30,50,1,5.143535e+09
30,50,2,3.989306e+09
30,50,3,3.903258e+09
30,50,5,7.279664e+08
30,50,10,4.541280e+08
30,50,20,2.978301e+08
30,50,30,2.894626e+08
30,50,40,2.801390e+08
30,50,50,2.715105e+08
30,50,60,2.533439e+08
30,50,70,2.350403e+08
30,50,80,2.266891e+08
30,50,90,2.178587e+08
30,50,100,2.096454e+08
30,50,1,4.499570e+09
30,50,2,3.696136e+09
30,50,3,1.469898e+09
30,50,5,1.139793e+09
30,50,10,7.227474e+08
30,50,20,3.115923e+08
30,50,30,2.660483e+08
30,50,40,2.587698e+08
30,50,50,2.532172e+08
30,50,60,2.424395e+08
30,50,70,2.387916e+08
30,50,80,2.308389e+08
30,50,90,2.237837e+08
30,50,100,2.161188e+08
30,50,1,5.326138e+09
30,50,2,3.868480e+09
30,50,3,1.806541e+09
30,50,5,1.641865e+09
30,50,10,9.441011e+08
30,50,20,6.938971e+08
30,50,30,6.693905e+08
30,50,40,6.536096e+08
30,50,50,6.410651e+08
30,50,60,6.268107e+08
30,50,70,6.170388e+08
30,50,80,6.065437e+08
30,50,90,5.904427e+08
30,50,100,5.801433e+08
30,50,1,8.012275e+09
30,50,2,1.762884e+09
30,50,3,9.957210e+08
30,50,5,6.050813e+08
30,50,10,4.802693e+08
30,50,20,3.881720e+08
30,50,30,2.634085e+08
30,50,40,2.537194e+08
30,50,50,2.388832e+08
30,50,60,2.330526e+08
30,50,70,2.206228e+08
30,50,80,2.140823e+08
30,50,90,2.084052e+08
30,50,100,2.037328e+08
30,50,1,7.745714e+09
30,50,2,3.415973e+09
30,50,3,2.573975e+09
30,50,5,1.591710e+09
30,50,10,7.798748e+08
30,50,20,4.930710e+08
30,50,30,4.120507e+08
30,50,40,3.959873e+08
30,50,50,3.818888e+08
30,50,60,3.640538e+08
30,50,70,3.523606e+08
30,50,80,3.424425e+08
30,50,90,3.314632e+08
30,50,100,3.178791e+08
30,50,1,5.323001e+09
30,50,2,2.953888e+09
30,50,3,2.463159e+09
30,50,5,5.294907e+08
30,50,10,3.750502e+08
30,50,20,2.399228e+08
30,50,30,1.906864e+08
30,50,40,1.819023e+08
30,50,50,1.770376e+08
30,50,60,1.705650e+08
30,50,70,1.645825e+08
30,50,80,1.581040e+08
30,50,90,1.526362e+08
30,50,100,1.481826e+08
30,50,1,1.118162e+10
30,50,2,3.088885e+09
30,50,3,1.567903e+09
30,50,5,1.562029e+09
30,50,10,9.488665e+08
30,50,20,5.784804e+08
30,50,30,5.589644e+08
30,50,40,5.014919e+08
30,50,50,4.286475e+08
30,50,60,3.999989e+08
30,50,70,3.881497e+08
30,50,80,3.762660e+08
30,50,90,3.645733e+08
30,50,100,3.559506e+08
30,50,1,7.755008e+09
30,50,2,4.809112e+09
30,50,3,1.969956e+09
30,50,5,1.005833e+09
30,50,10,9.230453e+08
30,50,20,6.951608e+08
30,50,30,6.749677e+08
30,50,40,6.462927e+08
30,50,50,6.249549e+08
30,50,60,6.106911e+08
30,50,70,5.978707e+08
30,50,80,5.823175e+08
30,50,90,5.645027e+08
30,50,100,5.525474e+08
30,50,1,3.892399e+09
30,50,2,1.467908e+09
30,50,3,9.861808e+08
30,50,5,7.800104e+08
30,50,10,4.935402e+08
30,50,20,3.723562e+08
30,50,30,3.177176e+08
30,50,40,3.089350e+08
30,50,50,2.990879e+08
30,50,60,2.925984e+08
30,50,70,2.770964e+08
30,50,80,2.643193e+08
30,50,90,2.587679e+08
30,50,100,2.527079e+08
30,50,1,8.028999e+09
30,50,2,4.298960e+09
30,50,3,2.347349e+09
30,50,5,1.015002e+09
30,50,10,3.170780e+08
30,50,20,3.051487e+08
30,50,30,2.950453e+08
30,50,40,2.865663e+08
30,50,50,2.773070e+08
30,50,60,2.674565e+08
30,50,70,2.608287e+08
30,50,80,2.540613e+08
30,50,90,2.464806e+08
30,50,100,2.422775e+08
30,50,1,1.027047e+10
30,50,2,2.492699e+09
30,50,3,1.860968e+09
30,50,5,7.968513e+08
30,50,10,5.586168e+08
30,50,20,4.425580e+08
30,50,30,3.945390e+08
30,50,40,3.726274e+08
30,50,50,3.600331e+08
30,50,60,3.516096e+08
30,50,70,3.394168e+08
30,50,80,3.254858e+08
30,50,90,3.120570e+08
30,50,100,2.887291e+08
30,50,1,8.144826e+09
30,50,2,5.222282e+09
30,50,3,1.878660e+09
30,50,5,6.002303e+08
30,50,10,3.420417e+08
30,50,20,2.519814e+08
30,50,30,2.328514e+08
30,50,40,2.200596e+08
30,50,50,2.061326e+08
30,50,60,1.998036e+08
30,50,70,1.841924e+08
30,50,80,1.757534e+08
30,50,90,1.677939e+08
30,50,100,1.614976e+08
30,50,1,9.091266e+09
30,50,2,4.419198e+09
30,50,3,3.561548e+09
30,50,5,1.134618e+09
30,50,10,8.724261e+08
30,50,20,5.619401e+08
30,50,30,3.174308e+08
30,50,40,2.919822e+08
30,50,50,2.814878e+08
30,50,60,2.756919e+08
30,50,70,2.691695e+08
30,50,80,2.570162e+08
30,50,90,2.505238e+08
30,50,100,2.438053e+08
30,50,1,7.073479e+09
30,50,2,3.454032e+09
30,50,3,1.539391e+09
30,50,5,1.189585e+09
30,50,10,5.637538e+08
30,50,20,5.092316e+08
30,50,30,2.745971e+08
30,50,40,2.688585e+08
30,50,50,2.575731e+08
30,50,60,2.518932e+08
30,50,70,2.440211e+08
30,50,80,2.390199e+08
30,50,90,2.335729e+08
30,50,100,2.277867e+08
30,50,1,6.703415e+09
30,50,2,1.556408e+09
30,50,3,1.300988e+09
30,50,5,7.835048e+08
30,50,10,4.991699e+08
30,50,20,4.487126e+08
30,50,30,4.306918e+08
30,50,40,4.182667e+08
30,50,50,4.039899e+08
30,50,60,3.823342e+08
30,50,70,3.718985e+08
30,50,80,3.555577e+08
30,50,90,3.417322e+08
30,50,100,3.245038e+08
30,50,1,7.550777e+09
30,50,2,4.958428e+09
30,50,3,2.247266e+09
30,50,5,7.963931e+08
30,50,10,4.933706e+08
30,50,20,3.123977e+08
30,50,30,2.968113e+08
30,50,40,2.886273e+08
30,50,50,2.788403e+08
30,50,60,2.696924e+08
30,50,70,2.597185e+08
30,50,80,2.536425e+08
30,50,90,2.403034e+08
30,50,100,2.322094e+08
30,50,1,8.712899e+09
30,50,2,4.410799e+09
30,50,3,2.938163e+09
30,50,5,9.650443e+08
30,50,10,3.455356e+08
30,50,20,3.037529e+08
30,50,30,2.663285e+08
30,50,40,2.392849e+08
30,50,50,2.278095e+08
30,50,60,2.064984e+08
30,50,70,2.002751e+08
30,50,80,1.938583e+08
30,50,90,1.892540e+08
30,50,100,1.774313e+08
30,50,1,7.943576e+09
30,50,2,6.858522e+09
30,50,3,3.207366e+09
30,50,5,8.611494e+08
30,50,10,5.462252e+08
30,50,20,4.976092e+08
30,50,30,3.727531e+08
30,50,40,3.579671e+08
30,50,50,3.484129e+08
30,50,60,3.318477e+08
30,50,70,3.205751e+08
30,50,80,3.108386e+08
30,50,90,3.036201e+08
30,50,100,2.876779e+08
30,50,1,3.801570e+09
30,50,2,3.629608e+09
30,50,3,6.644327e+08
30,50,5,5.920537e+08
30,50,10,3.958800e+08
30,50,20,3.508020e+08
30,50,30,3.302940e+08
30,50,40,3.035863e+08
30,50,50,2.962856e+08
30,50,60,2.822771e+08
30,50,70,2.561116e+08
30,50,80,2.471881e+08
30,50,90,2.250090e+08
30,50,100,2.188160e+08
30,50,1,7.102585e+09
30,50,2,3.877559e+09
30,50,3,2.452225e+09
30,50,5,1.484679e+09
30,50,10,8.818728e+08
30,50,20,5.679090e+08
30,50,30,5.394424e+08
30,50,40,5.189734e+08
30,50,50,5.048061e+08
30,50,60,4.897930e+08
30,50,70,4.745872e+08
30,50,80,4.566073e+08
30,50,90,4.423331e+08
30,50,100,4.236768e+08
30,50,1,5.232463e+09
30,50,2,2.470345e+09
30,50,3,2.098594e+09
30,50,5,1.040948e+09
30,50,10,6.816930e+08
30,50,20,5.824612e+08
30,50,30,4.119436e+08
30,50,40,3.852456e+08
30,50,50,3.739537e+08
30,50,60,3.621967e+08
30,50,70,3.518012e+08
30,50,80,3.438197e+08
30,50,90,3.330429e+08
30,50,100,3.244990e+08
30,50,1,6.238656e+09
30,50,2,2.653241e+09
30,50,3,1.361759e+09
30,50,5,1.027437e+09
30,50,10,6.469340e+08
30,50,20,5.107807e+08
30,50,30,4.985768e+08
30,50,40,4.852392e+08
30,50,50,4.699583e+08
30,50,60,4.559126e+08
30,50,70,4.464414e+08
30,50,80,4.351068e+08
30,50,90,4.273647e+08
30,50,100,4.186749e+08
30,50,1,6.301564e+09
30,50,2,3.112725e+09
30,50,3,1.734646e+09
30,50,5,7.752654e+08
30,50,10,3.708445e+08
30,50,20,2.950282e+08
30,50,30,2.760944e+08
30,50,40,2.640625e+08
30,50,50,2.561498e+08
30,50,60,2.467564e+08
30,50,70,2.365862e+08
30,50,80,2.300272e+08
30,50,90,2.237962e+08
30,50,100,2.168966e+08
30,50,1,6.925900e+09
30,50,2,1.794308e+09
30,50,3,1.220754e+09
30,50,5,5.147836e+08
30,50,10,4.497108e+08
30,50,20,3.839021e+08
30,50,30,2.919792e+08
30,50,40,2.864031e+08
30,50,50,2.783271e+08
30,50,60,2.591252e+08
30,50,70,2.534583e+08
30,50,80,2.480379e+08
30,50,90,2.410857e+08
30,50,100,2.374415e+08
30,50,1,5.242746e+09
30,50,2,4.349437e+09
30,50,3,2.169915e+09
30,50,5,1.320803e+09
30,50,10,8.618201e+08
30,50,20,7.016548e+08
30,50,30,6.777654e+08
30,50,40,4.574557e+08
30,50,50,4.421516e+08
30,50,60,4.328226e+08
30,50,70,4.150360e+08
30,50,80,4.041593e+08
30,50,90,3.950935e+08
30,50,100,3.831687e+08
30,50,1,7.074395e+09
30,50,2,3.652610e+09
30,50,3,1.676340e+09
30,50,5,7.393863e+08
30,50,10,3.248441e+08
30,50,20,2.573015e+08
30,50,30,2.463398e+08
30,50,40,2.327054e+08
30,50,50,2.251822e+08
30,50,60,2.170860e+08
30,50,70,2.091015e+08
30,50,80,2.026199e+08
30,50,90,1.943159e+08
30,50,100,1.906891e+08
30,50,1,9.406916e+09
30,50,2,4.553054e+09
30,50,3,1.232209e+09
30,50,5,8.156841e+08
30,50,10,5.100689e+08
30,50,20,4.540049e+08
30,50,30,4.346463e+08
30,50,40,4.201175e+08
30,50,50,3.936583e+08
30,50,60,3.807944e+08
30,50,70,3.610985e+08
30,50,80,3.438229e+08
30,50,90,3.327495e+08
30,50,100,3.198531e+08
