funcid,dim,milestone,error
22,30,1,8.033199e+03
22,30,2,7.034888e+03
22,30,3,4.798307e+03
22,30,5,3.852954e+03
22,30,10,3.023824e+03
22,30,20,2.654854e+03
22,30,30,2.194438e+03
22,30,40,2.123276e+03
22,30,50,2.114504e+03
22,30,60,2.100637e+03
22,30,70,2.084086e+03
22,30,80,2.073923e+03
22,30,90,2.067267e+03
22,30,100,2.060241e+03
22,30,1,5.753019e+03
22,30,2,4.851465e+03
22,30,3,4.638641e+03
22,30,5,4.314545e+03
22,30,10,3.263733e+03
22,30,20,3.232685e+03
22,30,30,3.216486e+03
22,30,40,3.202929e+03
22,30,50,3.183024e+03
22,30,60,3.171220e+03
22,30,70,3.155154e+03
22,30,80,3.143423e+03
22,30,90,3.122295e+03
22,30,100,3.108493e+03
22,30,1,8.027490e+03
22,30,2,6.729098e+03
22,30,3,4.708070e+03
22,30,5,4.307572e+03
22,30,10,3.504061e+03
22,30,20,3.261906e+03
22,30,30,3.031480e+03
22,30,40,2.709855e+03
22,30,50,2.545804e+03
22,30,60,2.526979e+03
22,30,70,2.500584e+03
22,30,80,2.472264e+03
22,30,90,2.464379e+03
22,30,100,2.455350e+03
22,30,1,7.784709e+03
22,30,2,7.221915e+03
22,30,3,5.038272e+03
22,30,5,3.197095e+03
22,30,10,2.819289e+03
22,30,20,2.416378e+03
22,30,30,2.399250e+03
22,30,40,2.369980e+03
22,30,50,2.361881e+03
22,30,60,2.356378e+03
22,30,70,2.348745e+03
22,30,80,2.341519e+03
22,30,90,2.333156e+03
22,30,100,2.324089e+03
22,30,1,5.515767e+03
22,30,2,4.818366e+03
22,30,3,3.744330e+03
22,30,5,3.375119e+03
22,30,10,2.706444e+03
22,30,20,2.115694e+03
22,30,30,2.086625e+03
22,30,40,2.069174e+03
22,30,50,2.059534e+03
22,30,60,2.051431e+03
22,30,70,2.043731e+03
22,30,80,2.023645e+03
22,30,90,2.016384e+03
22,30,100,2.001463e+03
22,30,1,7.761779e+03
22,30,2,6.393405e+03
22,30,3,4.360577e+03
22,30,5,2.985463e+03
22,30,10,2.922453e+03
22,30,20,2.887282e+03
22,30,30,2.864757e+03
22,30,40,2.846313e+03
22,30,50,2.836079e+03
22,30,60,2.826638e+03
22,30,70,2.809994e+03
22,30,80,2.791467e+03
22,30,90,2.782284e+03
22,30,100,2.767053e+03
22,30,1,7.300169e+03
22,30,2,5.685648e+03
22,30,3,5.468491e+03
22,30,5,4.480187e+03
22,30,10,3.782682e+03
22,30,20,2.771581e+03
22,30,30,2.528788e+03
22,30,40,2.512171e+03
22,30,50,2.498512e+03
22,30,60,2.492614e+03
22,30,70,2.476381e+03
22,30,80,2.463989e+03
22,30,90,2.456160e+03
22,30,100,2.446745e+03
22,30,1,6.113433e+03
22,30,2,5.111307e+03
22,30,3,4.482569e+03
22,30,5,3.494420e+03
22,30,10,3.382968e+03
22,30,20,2.210505e+03
22,30,30,2.184650e+03
22,30,40,2.165171e+03
22,30,50,2.146440e+03
22,30,60,2.138702e+03
22,30,70,2.119849e+03
22,30,80,2.109507e+03
22,30,90,2.084904e+03
22,30,100,2.075097e+03
22,30,1,6.884483e+03
22,30,2,6.595952e+03
22,30,3,6.509524e+03
22,30,5,3.693441e+03
22,30,10,2.570545e+03
22,30,20,2.350951e+03
22,30,30,2.268544e+03
22,30,40,2.254921e+03
22,30,50,2.245223e+03
22,30,60,2.239533e+03
22,30,70,2.208348e+03
22,30,80,2.199077e+03
22,30,90,2.193916e+03
22,30,100,2.175257e+03
22,30,1,8.280651e+03
22,30,2,5.747932e+03
22,30,3,5.491770e+03
22,30,5,3.410938e+03
22,30,10,2.737845e+03
22,30,20,2.074560e+03
22,30,30,2.034970e+03
22,30,40,2.025936e+03
22,30,50,2.017377e+03
22,30,60,2.012780e+03
22,30,70,2.008691e+03
22,30,80,2.000272e+03
22,30,90,1.991337e+03
22,30,100,1.982494e+03
22,30,1,8.081234e+03
22,30,2,6.974588e+03
22,30,3,6.049006e+03
22,30,5,3.979094e+03
22,30,10,2.063054e+03
22,30,20,1.864577e+03
22,30,30,1.708454e+03
22,30,40,1.688827e+03
22,30,50,1.671038e+03
22,30,60,1.662002e+03
22,30,70,1.655963e+03
22,30,80,1.650704e+03
22,30,90,1.598505e+03
22,30,100,1.592590e+03
22,30,1,8.227642e+03
22,30,2,7.540312e+03
22,30,3,7.216037e+03
22,30,5,6.433827e+03
22,30,10,4.652197e+03
22,30,20,2.505419e+03
22,30,30,2.270463e+03
22,30,40,2.197308e+03
22,30,50,2.180261e+03
22,30,60,2.167334e+03
22,30,70,2.121040e+03
22,30,80,2.110958e+03
22,30,90,2.099679e+03
22,30,100,2.093797e+03
22,30,1,7.684039e+03
22,30,2,6.525334e+03
22,30,3,5.396964e+03
22,30,5,3.334694e+03
22,30,10,2.743904e+03
22,30,20,2.315302e+03
22,30,30,2.237965e+03
22,30,40,2.221256e+03
22,30,50,2.215207e+03
22,30,60,2.201007e+03
22,30,70,2.167635e+03
22,30,80,2.149199e+03
22,30,90,2.136125e+03
22,30,100,2.126179e+03
22,30,1,6.245236e+03
22,30,2,3.802602e+03
22,30,3,3.159010e+03
22,30,5,1.585478e+03
22,30,10,1.379980e+03
22,30,20,1.263156e+03
22,30,30,1.249568e+03
22,30,40,1.244639e+03
22,30,50,1.230823e+03
22,30,60,1.217632e+03
22,30,70,1.205731e+03
22,30,80,1.202804e+03
22,30,90,1.199784e+03
22,30,100,1.191636e+03
22,30,1,7.432292e+03
22,30,2,6.227198e+03
22,30,3,5.255482e+03
22,30,5,3.288851e+03
22,30,10,2.789917e+03
22,30,20,2.644468e+03
22,30,30,2.313273e+03
22,30,40,2.113373e+03
22,30,50,2.102168e+03
22,30,60,2.090493e+03
22,30,70,2.079951e+03
22,30,80,2.067426e+03
22,30,90,2.059273e+03
22,30,100,2.043844e+03
22,30,1,8.050171e+03
22,30,2,7.027842e+03
22,30,3,5.798658e+03
22,30,5,5.287811e+03
22,30,10,3.241833e+03
22,30,20,2.795826e+03
22,30,30,2.661996e+03
22,30,40,2.646269e+03
22,30,50,2.627018e+03
22,30,60,2.603755e+03
22,30,70,2.590854e+03
22,30,80,2.579437e+03
22,30,90,2.570587e+03
22,30,100,2.560148e+03
22,30,1,7.705785e+03
22,30,2,6.642796e+03
22,30,3,5.854219e+03
22,30,5,3.723725e+03
22,30,10,2.712251e+03
22,30,20,2.160822e+03
22,30,30,1.804304e+03
22,30,40,1.741331e+03
22,30,50,1.730451e+03
22,30,60,1.721701e+03
22,30,70,1.712097e+03
22,30,80,1.704779e+03
22,30,90,1.700997e+03
22,30,100,1.691495e+03
22,30,1,7.674306e+03
22,30,2,6.692665e+03
22,30,3,6.593758e+03
22,30,5,4.989121e+03
22,30,10,3.345737e+03
22,30,20,3.113762e+03
22,30,30,2.896856e+03
22,30,40,2.854173e+03
22,30,50,2.844120e+03
22,30,60,2.832839e+03
22,30,70,2.822839e+03
22,30,80,2.812043e+03
22,30,90,2.802116e+03
22,30,100,2.792933e+03
22,30,1,7.822669e+03
22,30,2,7.050085e+03
22,30,3,6.735975e+03
22,30,5,5.374797e+03
22,30,10,3.570450e+03
22,30,20,3.489616e+03
22,30,30,2.915714e+03
22,30,40,2.895634e+03
22,30,50,2.879256e+03
22,30,60,2.871577e+03
22,30,70,2.862193e+03
22,30,80,2.852797e+03
22,30,90,2.832638e+03
22,30,100,2.815599e+03
22,30,1,7.723757e+03
22,30,2,7.098266e+03
22,30,3,6.205751e+03
22,30,5,5.543315e+03
22,30,10,3.341061e+03
22,30,20,2.289315e+03
22,30,30,2.141050e+03
22,30,40,2.126397e+03
22,30,50,2.116113e+03
22,30,60,2.100620e+03
22,30,70,2.087005e+03
22,30,80,2.078359e+03
22,30,90,2.069453e+03
22,30,100,2.051672e+03
22,30,1,7.203328e+03
22,30,2,6.552282e+03
22,30,3,5.124810e+03
22,30,5,4.392236e+03
22,30,10,4.368946e+03
22,30,20,2.400824e+03
22,30,30,2.298915e+03
22,30,40,2.283565e+03
22,30,50,2.272146e+03
22,30,60,2.264860e+03
22,30,70,2.247085e+03
22,30,80,2.236123e+03
22,30,90,2.228707e+03
22,30,100,2.213975e+03
22,30,1,7.614720e+03
22,30,2,7.050157e+03
22,30,3,6.004148e+03
22,30,5,4.747079e+03
22,30,10,2.727655e+03
22,30,20,2.571607e+03
22,30,30,2.293712e+03
22,30,40,2.281298e+03
22,30,50,2.265660e+03
22,30,60,2.258342e+03
22,30,70,2.248701e+03
22,30,80,2.206791e+03
22,30,90,2.192854e+03
22,30,100,2.182252e+03
22,30,1,7.976731e+03
22,30,2,6.949340e+03
22,30,3,4.315731e+03
22,30,5,3.297751e+03
22,30,10,2.420502e+03
22,30,20,1.997074e+03
22,30,30,1.976708e+03
22,30,40,1.965328e+03
22,30,50,1.958736e+03
22,30,60,1.947901e+03
22,30,70,1.939401e+03
22,30,80,1.934436e+03
22,30,90,1.929966e+03
22,30,100,1.922005e+03
22,30,1,5.413374e+03
22,30,2,3.585778e+03
22,30,3,3.530715e+03
22,30,5,3.345630e+03
22,30,10,2.220748e+03
22,30,20,1.906006e+03
22,30,30,1.896575e+03
22,30,40,1.891183e+03
22,30,50,1.879562e+03
22,30,60,1.853707e+03
22,30,70,1.842405e+03
22,30,80,1.837585e+03
22,30,90,1.831788e+03
22,30,100,1.825377e+03
22,30,1,7.679833e+03
22,30,2,4.403920e+03
22,30,3,4.222029e+03
22,30,5,2.948109e+03
22,30,10,2.364672e+03
22,30,20,2.285776e+03
22,30,30,2.255986e+03
22,30,40,2.237556e+03
22,30,50,2.227625e+03
22,30,60,2.220905e+03
22,30,70,2.210581e+03
22,30,80,2.207104e+03
22,30,90,2.201701e+03
22,30,100,2.193998e+03
22,30,1,8.840798e+03
22,30,2,7.600803e+03
22,30,3,6.613463e+03
22,30,5,3.606744e+03
22,30,10,2.751579e+03
22,30,20,2.564730e+03
22,30,30,2.542618e+03
22,30,40,2.143347e+03
22,30,50,2.030148e+03
22,30,60,2.017953e+03
22,30,70,2.007515e+03
22,30,80,1.996571e+03
22,30,90,1.989276e+03
22,30,100,1.979946e+03
22,30,1,5.909632e+03
22,30,2,4.452433e+03
22,30,3,4.100325e+03
22,30,5,3.150987e+03
22,30,10,2.564921e+03
22,30,20,2.108470e+03
22,30,30,1.931420e+03
22,30,40,1.921181e+03
22,30,50,1.906923e+03
22,30,60,1.891491e+03
22,30,70,1.881016e+03
22,30,80,1.873512e+03
22,30,90,1.865396e+03
22,30,100,1.854973e+03
22,30,1,7.689542e+03
22,30,2,6.151711e+03
22,30,3,4.767614e+03
22,30,5,4.396531e+03
22,30,10,2.635590e+03
22,30,20,2.102049e+03
22,30,30,2.030038e+03
22,30,40,2.016535e+03
22,30,50,1.949215e+03
22,30,60,1.946401e+03
22,30,70,1.940679e+03
22,30,80,1.924921e+03
22,30,90,1.916677e+03
22,30,100,1.908775e+03
22,30,1,7.229014e+03
22,30,2,5.855461e+03
22,30,3,5.150467e+03
22,30,5,4.039316e+03
22,30,10,2.536515e+03
22,30,20,1.753143e+03
22,30,30,1.720983e+03
22,30,40,1.709655e+03
22,30,50,1.697820e+03
22,30,60,1.693570e+03
22,30,70,1.688340e+03
22,30,80,1.682177e+03
22,30,90,1.675783e+03
22,30,100,1.672443e+03
22,30,1,7.154805e+03
22,30,2,6.428192e+03
22,30,3,5.906478e+03
22,30,5,3.874828e+03
22,30,10,3.340572e+03
22,30,20,2.861953e+03
22,30,30,2.154986e+03
22,30,40,2.114906e+03
22,30,50,2.095215e+03
22,30,60,2.077488e+03
22,30,70,2.017610e+03
22,30,80,2.005449e+03
22,30,90,1.993658e+03
22,30,100,1.984772e+03
22,30,1,7.370119e+03
22,30,2,6.160523e+03
22,30,3,5.589464e+03
22,30,5,2.866364e+03
22,30,10,2.585682e+03
22,30,20,1.692361e+03
22,30,30,1.358227e+03
22,30,40,1.202876e+03
22,30,50,1.155830e+03
22,30,60,1.149376e+03
22,30,70,1.138613e+03
22,30,80,1.132939e+03
22,30,90,1.122461e+03
22,30,100,1.116061e+03
