funcid,dim,milestone,error
5,10,1,1.466219e+02
5,10,2,1.273181e+02
5,10,3,9.018845e+01
5,10,5,8.750947e+01
5,10,10,6.542450e+01
5,10,20,4.978960e+01
5,10,30,4.497496e+01
5,10,40,4.325258e+01
5,10,50,4.283829e+01
5,10,60,4.228190e+01
5,10,70,4.167908e+01
5,10,80,4.078295e+01
5,10,90,4.036187e+01
5,10,100,4.012296e+01
5,10,1,1.032156e+02
5,10,2,1.012213e+02
5,10,3,9.875420e+01
5,10,5,9.321960e+01
5,10,10,6.955502e+01
5,10,20,5.369279e+01
5,10,30,5.253510e+01
5,10,40,5.185631e+01
5,10,50,5.173906e+01
5,10,60,5.142919e+01
5,10,70,5.084190e+01
5,10,80,5.043010e+01
5,10,90,4.991214e+01
5,10,100,4.939300e+01
5,10,1,9.554379e+01
5,10,2,9.387829e+01
5,10,3,8.509083e+01
5,10,5,7.198454e+01
5,10,10,4.503880e+01
5,10,20,4.228087e+01
5,10,30,4.195607e+01
5,10,40,4.154722e+01
5,10,50,4.121340e+01
5,10,60,4.095126e+01
5,10,70,4.029676e+01
5,10,80,3.928348e+01
5,10,90,3.912016e+01
5,10,100,3.871333e+01
5,10,1,1.403361e+02
5,10,2,1.208927e+02
5,10,3,8.199802e+01
5,10,5,6.918635e+01
5,10,10,6.319726e+01
5,10,20,5.322869e+01
5,10,30,5.106323e+01
5,10,40,5.050201e+01
5,10,50,4.989001e+01
5,10,60,4.959575e+01
5,10,70,4.924041e+01
5,10,80,4.905732e+01
5,10,90,4.864568e+01
5,10,100,4.815425e+01
5,10,1,9.693534e+01
5,10,2,9.689243e+01
5,10,3,7.445099e+01
5,10,5,7.399123e+01
5,10,10,6.451087e+01
5,10,20,5.982816e+01
5,10,30,5.560182e+01
5,10,40,5.517528e+01
5,10,50,5.477752e+01
5,10,60,5.402918e+01
5,10,70,5.317349e+01
5,10,80,5.271250e+01
5,10,90,5.200745e+01
5,10,100,5.151111e+01
5,10,1,1.122678e+02
5,10,2,1.075667e+02
5,10,3,9.728495e+01
5,10,5,8.649673e+01
5,10,10,7.226210e+01
5,10,20,3.660162e+01
5,10,30,3.475455e+01
5,10,40,3.431154e+01
5,10,50,3.327148e+01
5,10,60,3.281127e+01
5,10,70,3.184707e+01
5,10,80,3.161754e+01
5,10,90,3.109403e+01
5,10,100,3.069149e+01
5,10,1,1.101633e+02
5,10,2,1.100043e+02
5,10,3,1.009212e+02
5,10,5,9.452863e+01
5,10,10,4.335382e+01
5,10,20,4.084137e+01
5,10,30,4.047619e+01
5,10,40,4.018699e+01
5,10,50,3.997627e+01
5,10,60,3.964434e+01
5,10,70,3.945476e+01
5,10,80,3.920189e+01
5,10,90,3.889287e+01
5,10,100,3.881975e+01
5,10,1,1.213099e+02
5,10,2,9.348974e+01
5,10,3,7.931830e+01
5,10,5,7.290373e+01
5,10,10,6.400149e+01
5,10,20,5.336994e+01
5,10,30,5.045595e+01
5,10,40,5.004417e+01
5,10,50,4.978846e+01
5,10,60,4.930384e+01
5,10,70,4.847686e+01
5,10,80,4.763641e+01
5,10,90,4.733172e+01
5,10,100,4.704310e+01
5,10,1,1.258372e+02
5,10,2,1.258372e+02
5,10,3,1.037720e+02
5,10,5,8.748666e+01
5,10,10,5.409175e+01
5,10,20,4.567513e+01
5,10,30,4.046484e+01
5,10,40,3.970745e+01
5,10,50,3.580738e+01
5,10,60,3.559507e+01
5,10,70,3.536998e+01
5,10,80,3.484452e+01
5,10,90,3.463114e+01
5,10,100,3.442549e+01
5,10,1,1.119216e+02
5,10,2,1.057003e+02
5,10,3,7.989481e+01
5,10,5,5.967505e+01
5,10,10,5.694537e+01
5,10,20,4.834896e+01
5,10,30,4.765568e+01
5,10,40,4.152411e+01
5,10,50,4.125950e+01
5,10,60,4.116346e+01
5,10,70,4.079286e+01
5,10,80,4.058692e+01
5,10,90,4.034874e+01
5,10,100,3.997024e+01
5,10,1,1.377020e+02
5,10,2,1.342187e+02
5,10,3,1.064522e+02
5,10,5,8.288907e+01
5,10,10,5.725766e+01
5,10,20,4.436506e+01
5,10,30,4.408017e+01
5,10,40,4.359419e+01
5,10,50,4.336491e+01
5,10,60,4.316836e+01
5,10,70,4.268127e+01
5,10,80,4.246600e+01
5,10,90,4.185046e+01
5,10,100,4.145827e+01
5,10,1,1.285800e+02
5,10,2,1.213971e+02
5,10,3,1.052877e+02
5,10,5,8.464510e+01
5,10,10,5.292052e+01
5,10,20,3.913381e+01
5,10,30,3.833131e+01
5,10,40,3.791900e+01
5,10,50,3.724161e+01
5,10,60,3.691727e+01
5,10,70,3.610262e+01
5,10,80,3.594028e+01
5,10,90,3.562576e+01
5,10,100,3.517319e+01
5,10,1,1.617765e+02
5,10,2,1.023225e+02
5,10,3,1.016613e+02
5,10,5,8.352455e+01
5,10,10,5.431278e+01
5,10,20,4.684093e+01
5,10,30,4.654355e+01
5,10,40,4.593133e+01
5,10,50,4.571153e+01
5,10,60,4.542017e+01
5,10,70,4.529941e+01
5,10,80,4.498876e+01
5,10,90,4.446146e+01
5,10,100,4.406090e+01
5,10,1,1.096328e+02
5,10,2,8.615866e+01
5,10,3,7.803481e+01
5,10,5,6.183182e+01
5,10,10,4.396575e+01
5,10,20,4.346895e+01
5,10,30,4.239782e+01
5,10,40,4.215673e+01
5,10,50,4.194736e+01
5,10,60,4.189204e+01
5,10,70,4.172458e+01
5,10,80,4.159039e+01
5,10,90,4.098870e+01
5,10,100,4.052084e+01
5,10,1,1.278286e+02
5,10,2,1.168679e+02
5,10,3,1.103261e+02
5,10,5,8.264915e+01
5,10,10,7.388077e+01
5,10,20,5.948138e+01
5,10,30,5.045278e+01
5,10,40,4.908887e+01
5,10,50,4.829616e+01
5,10,60,4.771768e+01
5,10,70,4.750413e+01
5,10,80,4.719932e+01
5,10,90,4.711760e+01
5,10,100,4.613421e+01
5,10,1,9.803774e+01
5,10,2,8.293398e+01
5,10,3,7.949841e+01
5,10,5,5.858663e+01
5,10,10,3.712322e+01
5,10,20,3.546183e+01
5,10,30,3.494877e+01
5,10,40,3.377614e+01
5,10,50,3.329545e+01
5,10,60,3.275208e+01
5,10,70,3.241748e+01
5,10,80,3.200290e+01
5,10,90,3.189766e+01
5,10,100,3.166781e+01
5,10,1,1.033710e+02
5,10,2,1.029718e+02
5,10,3,1.001753e+02
5,10,5,7.431853e+01
5,10,10,6.742877e+01
5,10,20,4.710558e+01
5,10,30,4.663274e+01
5,10,40,4.632884e+01
5,10,50,4.556857e+01
5,10,60,4.507350e+01
5,10,70,4.380155e+01
5,10,80,4.330095e+01
5,10,90,4.205748e+01
5,10,100,4.175454e+01
5,10,1,1.638846e+02
5,10,2,1.066415e+02
5,10,3,9.588538e+01
5,10,5,7.846715e+01
5,10,10,7.707066e+01
5,10,20,6.243150e+01
5,10,30,6.205168e+01
5,10,40,6.164241e+01
5,10,50,6.149753e+01
5,10,60,6.134247e+01
5,10,70,6.111205e+01
5,10,80,6.089891e+01
5,10,90,6.078001e+01
5,10,100,6.065907e+01
5,10,1,1.008891e+02
5,10,2,8.751782e+01
5,10,3,7.670846e+01
5,10,5,6.722587e+01
5,10,10,5.391882e+01
5,10,20,5.069120e+01
5,10,30,4.489142e+01
5,10,40,4.433501e+01
5,10,50,4.415067e+01
5,10,60,4.386578e+01
5,10,70,4.332922e+01
5,10,80,4.305652e+01
5,10,90,4.288212e+01
5,10,100,4.193789e+01
5,10,1,8.188837e+01
5,10,2,8.188837e+01
5,10,3,8.185987e+01
5,10,5,7.129480e+01
5,10,10,5.063393e+01
5,10,20,2.920558e+01
5,10,30,2.869339e+01
5,10,40,2.829878e+01
5,10,50,2.772249e+01
5,10,60,2.745312e+01
5,10,70,2.695392e+01
5,10,80,2.674788e+01
5,10,90,2.642311e+01
5,10,100,2.575495e+01
5,10,1,1.257176e+02
5,10,2,1.110805e+02
5,10,3,1.089237e+02
5,10,5,8.016835e+01
5,10,10,6.353564e+01
5,10,20,5.488428e+01
5,10,30,5.447852e+01
5,10,40,5.395188e+01
5,10,50,5.079175e+01
5,10,60,5.026917e+01
5,10,70,4.987991e+01
5,10,80,4.954817e+01
5,10,90,4.924950e+01
5,10,100,4.891220e+01
5,10,1,1.181251e+02
5,10,2,9.373707e+01
5,10,3,8.633696e+01
5,10,5,5.627663e+01
5,10,10,5.379138e+01
5,10,20,4.057276e+01
5,10,30,4.015612e+01
5,10,40,3.982761e+01
5,10,50,3.943867e+01
5,10,60,3.937054e+01
5,10,70,3.910180e+01
5,10,80,3.860122e+01
5,10,90,3.845382e+01
5,10,100,3.830059e+01
5,10,1,1.120858e+02
5,10,2,1.096358e+02
5,10,3,9.948390e+01
5,10,5,8.267474e+01
5,10,10,7.193443e+01
5,10,20,5.954254e+01
5,10,30,5.325913e+01
5,10,40,5.301215e+01
5,10,50,4.935564e+01
5,10,60,4.670598e+01
5,10,70,4.642041e+01
5,10,80,4.634272e+01
5,10,90,4.600432e+01
5,10,100,4.573063e+01
5,10,1,9.832481e+01
5,10,2,9.826515e+01
5,10,3,9.728252e+01
5,10,5,7.732295e+01
5,10,10,6.722002e+01
5,10,20,6.120790e+01
5,10,30,5.912996e+01
5,10,40,4.386997e+01
5,10,50,4.310565e+01
5,10,60,4.247512e+01
5,10,70,4.174909e+01
5,10,80,4.053128e+01
5,10,90,3.971863e+01
5,10,100,3.939725e+01
5,10,1,1.418530e+02
5,10,2,1.234416e+02
5,10,3,9.775232e+01
5,10,5,9.058407e+01
5,10,10,6.316496e+01
5,10,20,6.103141e+01
5,10,30,6.055187e+01
5,10,40,5.958244e+01
5,10,50,5.190366e+01
5,10,60,5.149764e+01
5,10,70,5.110609e+01
5,10,80,5.075216e+01
5,10,90,5.055456e+01
5,10,100,5.031460e+01
5,10,1,1.270171e+02
5,10,2,1.189517e+02
5,10,3,1.057407e+02
5,10,5,7.459968e+01
5,10,10,7.230590e+01
5,10,20,7.049910e+01
5,10,30,7.026176e+01
5,10,40,7.013912e+01
5,10,50,6.968413e+01
5,10,60,6.832193e+01
5,10,70,6.816767e+01
5,10,80,6.796178e+01
5,10,90,6.770377e+01
5,10,100,6.695612e+01
5,10,1,1.166173e+02
5,10,2,1.152289e+02
5,10,3,1.150802e+02
5,10,5,8.227791e+01
5,10,10,6.367659e+01
5,10,20,5.220051e+01
5,10,30,5.187855e+01
5,10,40,5.140855e+01
5,10,50,5.117672e+01
5,10,60,5.038171e+01
5,10,70,4.996652e+01
5,10,80,4.965032e+01
5,10,90,4.932871e+01
5,10,100,4.882553e+01
5,10,1,1.553319e+02
5,10,2,8.138194e+01
5,10,3,8.075511e+01
5,10,5,7.233757e+01
5,10,10,5.995839e+01
5,10,20,5.493832e+01
5,10,30,5.216563e+01
5,10,40,4.646726e+01
5,10,50,4.580171e+01
5,10,60,4.560003e+01
5,10,70,4.540861e+01
5,10,80,4.530882e+01
5,10,90,4.512600e+01
5,10,100,4.481866e+01
5,10,1,1.029909e+02
5,10,2,8.760858e+01
5,10,3,8.680517e+01
5,10,5,7.370980e+01
5,10,10,4.688739e+01
5,10,20,4.652678e+01
5,10,30,4.429313e+01
5,10,40,4.309473e+01
5,10,50,4.224494e+01
5,10,60,4.167301e+01
5,10,70,4.095999e+01
5,10,80,4.057621e+01
5,10,90,4.018652e+01
5,10,100,3.952489e+01
5,10,1,1.561103e+02
5,10,2,1.510009e+02
5,10,3,1.345309e+02
5,10,5,9.455577e+01
5,10,10,6.936132e+01
5,10,20,4.748895e+01
5,10,30,4.657803e+01
5,10,40,4.563287e+01
5,10,50,4.492285e+01
5,10,60,4.422996e+01
5,10,70,4.263850e+01
5,10,80,4.212187e+01
5,10,90,4.152185e+01
5,10,100,4.116467e+01
5,10,1,9.755556e+01
5,10,2,9.306597e+01
5,10,3,8.700841e+01
5,10,5,7.019525e+01
5,10,10,6.111271e+01
5,10,20,5.173848e+01
5,10,30,4.271378e+01
5,10,40,4.211410e+01
5,10,50,4.035082e+01
5,10,60,3.987833e+01
5,10,70,3.938444e+01
5,10,80,3.923362e+01
5,10,90,3.870329e+01
5,10,100,3.818523e+01
