funcid,dim,milestone,error
27,10,1,6.107331e+02
27,10,2,4.840581e+02
27,10,3,4.640278e+02
27,10,5,4.555728e+02
27,10,10,4.335804e+02
27,10,20,4.319732e+02
27,10,30,4.272000e+02
27,10,40,4.269194e+02
27,10,50,4.244676e+02
27,10,60,4.244425e+02
27,10,70,4.244184e+02
27,10,80,4.243658e+02
27,10,90,4.243359e+02
27,10,100,4.242513e+02
27,10,1,5.165707e+02
27,10,2,4.804832e+02
27,10,3,4.712877e+02
27,10,5,4.248216e+02
27,10,10,4.173547e+02
27,10,20,4.080189e+02
27,10,30,4.075922e+02
27,10,40,4.074903e+02
27,10,50,4.074254e+02
27,10,60,4.073921e+02
27,10,70,4.073312e+02
27,10,80,4.072862e+02
27,10,90,4.072615e+02
27,10,100,4.071310e+02
27,10,1,6.115779e+02
27,10,2,5.161935e+02
27,10,3,4.757088e+02
27,10,5,4.517217e+02
27,10,10,4.385994e+02
27,10,20,4.169880e+02
27,10,30,4.166275e+02
27,10,40,4.110145e+02
27,10,50,4.107857e+02
27,10,60,4.104887e+02
27,10,70,4.103409e+02
27,10,80,4.103061e+02
27,10,90,4.102286e+02
27,10,100,4.101924e+02
27,10,1,5.680156e+02
27,10,2,5.680156e+02
27,10,3,5.279594e+02
27,10,5,4.560904e+02
27,10,10,4.154507e+02
27,10,20,4.126208e+02
27,10,30,4.115428e+02
27,10,40,4.111043e+02
27,10,50,4.110191e+02
27,10,60,4.108320e+02
27,10,70,4.106880e+02
27,10,80,4.103845e+02
27,10,90,4.101340e+02
27,10,100,4.100590e+02
27,10,1,4.853581e+02
27,10,2,4.608102e+02
27,10,3,4.287304e+02
27,10,5,4.256568e+02
27,10,10,4.098098e+02
27,10,20,4.085364e+02
27,10,30,4.048196e+02
27,10,40,4.047915e+02
27,10,50,4.047793e+02
27,10,60,4.047664e+02
27,10,70,4.047312e+02
27,10,80,4.047137e+02
27,10,90,4.046827e+02
27,10,100,4.046487e+02
27,10,1,6.072681e+02
27,10,2,5.233760e+02
27,10,3,5.233315e+02
27,10,5,4.738735e+02
27,10,10,4.081634e+02
27,10,20,4.021312e+02
27,10,30,4.015391e+02
27,10,40,4.012721e+02
27,10,50,4.011636e+02
27,10,60,4.010945e+02
27,10,70,4.010663e+02
27,10,80,4.010091e+02
27,10,90,4.009736e+02
27,10,100,4.009579e+02
27,10,1,5.829749e+02
27,10,2,5.588825e+02
27,10,3,4.719779e+02
27,10,5,4.719342e+02
27,10,10,4.539012e+02
27,10,20,4.298637e+02
27,10,30,4.272490e+02
27,10,40,4.228871e+02
27,10,50,4.207196e+02
27,10,60,4.206449e+02
27,10,70,4.204820e+02
27,10,80,4.203375e+02
27,10,90,4.201432e+02
27,10,100,4.199091e+02
27,10,1,5.631906e+02
27,10,2,5.487758e+02
27,10,3,4.502441e+02
27,10,5,4.318372e+02
27,10,10,4.097953e+02
27,10,20,4.026624e+02
27,10,30,4.017900e+02
27,10,40,4.017065e+02
27,10,50,4.015662e+02
27,10,60,4.015404e+02
27,10,70,4.014684e+02
27,10,80,4.014235e+02
27,10,90,4.012759e+02
27,10,100,4.012499e+02
27,10,1,5.945135e+02
27,10,2,5.032281e+02
27,10,3,5.027927e+02
27,10,5,4.912454e+02
27,10,10,4.104886e+02
27,10,20,4.072931e+02
27,10,30,4.065647e+02
27,10,40,4.062587e+02
27,10,50,4.062236e+02
27,10,60,4.051903e+02
27,10,70,4.049915e+02
27,10,80,4.047238e+02
27,10,90,4.046862e+02
27,10,100,4.046405e+02
27,10,1,7.770489e+02
27,10,2,5.737546e+02
27,10,3,5.313498e+02
27,10,5,5.090298e+02
27,10,10,4.242778e+02
27,10,20,4.235935e+02
27,10,30,4.112928e+02
27,10,40,4.103991e+02
27,10,50,4.101887e+02
27,10,60,4.100364e+02
27,10,70,4.099075e+02
27,10,80,4.096598e+02
27,10,90,4.093815e+02
27,10,100,4.090944e+02
27,10,1,7.591696e+02
27,10,2,5.311694e+02
27,10,3,4.957984e+02
27,10,5,4.369090e+02
27,10,10,4.339664e+02
27,10,20,4.021379e+02
27,10,30,4.017116e+02
27,10,40,4.012111e+02
27,10,50,4.009336e+02
27,10,60,4.008521e+02
27,10,70,4.006968e+02
27,10,80,4.006382e+02
27,10,90,4.006096e+02
27,10,100,4.005170e+02
27,10,1,5.989442e+02
27,10,2,5.573600e+02
27,10,3,4.578679e+02
27,10,5,4.550154e+02
27,10,10,4.421042e+02
27,10,20,4.213315e+02
27,10,30,4.134453e+02
27,10,40,4.131269e+02
27,10,50,4.129667e+02
27,10,60,4.128484e+02
27,10,70,4.127473e+02
27,10,80,4.126293e+02
27,10,90,4.125437e+02
27,10,100,4.124463e+02
27,10,1,5.115228e+02
27,10,2,5.114844e+02
27,10,3,5.114844e+02
27,10,5,5.061624e+02
27,10,10,4.591269e+02
27,10,20,4.205255e+02
27,10,30,4.197038e+02
27,10,40,4.192709e+02
27,10,50,4.190619e+02
27,10,60,4.189073e+02
27,10,70,4.188215e+02
27,10,80,4.187293e+02
27,10,90,4.186600e+02
27,10,100,4.185839e+02
27,10,1,6.068216e+02
27,10,2,5.014284e+02
27,10,3,4.434350e+02
27,10,5,4.409552e+02
27,10,10,4.187894e+02
27,10,20,4.152139e+02
27,10,30,4.116187e+02
27,10,40,4.064303e+02
27,10,50,4.062359e+02
27,10,60,4.061296e+02
27,10,70,4.059452e+02
27,10,80,4.058978e+02
27,10,90,4.058672e+02
27,10,100,4.058238e+02
27,10,1,6.246441e+02
27,10,2,5.478005e+02
27,10,3,5.478005e+02
27,10,5,4.535345e+02
27,10,10,4.407439e+02
27,10,20,4.383013e+02
27,10,30,4.382044e+02
27,10,40,4.381027e+02
27,10,50,4.379970e+02
27,10,60,4.378795e+02
27,10,70,4.377996e+02
27,10,80,4.376289e+02
27,10,90,4.374927e+02
27,10,100,4.374390e+02
27,10,1,7.129990e+02
27,10,2,5.694707e+02
27,10,3,4.931033e+02
27,10,5,4.903201e+02
27,10,10,4.596358e+02
27,10,20,4.574445e+02
27,10,30,4.385507e+02
27,10,40,4.261141e+02
27,10,50,4.191584e+02
27,10,60,4.182883e+02
27,10,70,4.179341e+02
27,10,80,4.179068e+02
27,10,90,4.177267e+02
27,10,100,4.171639e+02
27,10,1,6.985927e+02
27,10,2,6.657085e+02
27,10,3,4.657755e+02
27,10,5,4.433772e+02
27,10,10,4.082381e+02
27,10,20,4.004008e+02
27,10,30,4.001949e+02
27,10,40,4.000834e+02
27,10,50,4.000112e+02
27,10,60,3.999263e+02
27,10,70,3.999151e+02
27,10,80,3.998772e+02
27,10,90,3.998363e+02
27,10,100,3.997540e+02
27,10,1,6.032624e+02
27,10,2,5.470786e+02
27,10,3,4.591500e+02
27,10,5,4.199267e+02
27,10,10,4.111734e+02
27,10,20,4.034357e+02
27,10,30,4.024770e+02
27,10,40,4.023123e+02
27,10,50,4.022706e+02
27,10,60,4.022502e+02
27,10,70,4.022254e+02
27,10,80,4.022018e+02
27,10,90,4.021313e+02
27,10,100,4.020776e+02
27,10,1,5.507764e+02
27,10,2,5.388409e+02
27,10,3,5.176018e+02
27,10,5,4.360636e+02
27,10,10,4.068361e+02
27,10,20,4.033136e+02
27,10,30,4.031834e+02
27,10,40,4.030421e+02
27,10,50,4.029356e+02
27,10,60,4.028160e+02
27,10,70,4.027970e+02
27,10,80,4.027849e+02
27,10,90,4.027641e+02
27,10,100,4.027254e+02
27,10,1,4.319495e+02
27,10,2,4.319495e+02
27,10,3,4.267557e+02
27,10,5,4.224727e+02
27,10,10,4.214447e+02
27,10,20,4.053952e+02
27,10,30,4.033440e+02
27,10,40,4.024541e+02
27,10,50,4.011765e+02
27,10,60,4.008445e+02
27,10,70,4.008181e+02
27,10,80,4.007676e+02
27,10,90,4.005234e+02
27,10,100,4.004734e+02
27,10,1,4.747300e+02
27,10,2,4.487205e+02
27,10,3,4.268654e+02
27,10,5,4.247736e+02
27,10,10,4.153964e+02
27,10,20,4.149085e+02
27,10,30,4.066269e+02
27,10,40,4.034403e+02
27,10,50,4.033484e+02
27,10,60,4.031511e+02
27,10,70,4.031263e+02
27,10,80,4.030594e+02
27,10,90,4.030220e+02
27,10,100,4.029917e+02
27,10,1,7.725207e+02
27,10,2,7.151058e+02
27,10,3,5.589521e+02
27,10,5,5.371076e+02
27,10,10,4.319127e+02
27,10,20,4.308395e+02
27,10,30,4.303568e+02
27,10,40,4.256877e+02
27,10,50,4.250109e+02
27,10,60,4.249641e+02
27,10,70,4.248714e+02
27,10,80,4.248038e+02
27,10,90,4.247460e+02
27,10,100,4.246878e+02
27,10,1,5.637051e+02
27,10,2,5.629915e+02
27,10,3,4.780168e+02
27,10,5,4.396840e+02
27,10,10,4.118134e+02
27,10,20,4.087732e+02
27,10,30,4.061638e+02
27,10,40,4.045462e+02
27,10,50,4.036613e+02
27,10,60,4.030037e+02
27,10,70,4.027422e+02
27,10,80,4.026488e+02
27,10,90,4.026033e+02
27,10,100,4.025262e+02
27,10,1,5.370953e+02
27,10,2,4.780123e+02
27,10,3,4.736993e+02
27,10,5,4.333420e+02
27,10,10,4.283606e+02
27,10,20,4.238060e+02
27,10,30,4.216540e+02
27,10,40,4.216109e+02
27,10,50,4.215958e+02
27,10,60,4.215563e+02
27,10,70,4.214979e+02
27,10,80,4.214698e+02
27,10,90,4.213833e+02
27,10,100,4.212621e+02
27,10,1,6.872638e+02
27,10,2,5.955994e+02
27,10,3,5.825437e+02
27,10,5,5.156177e+02
27,10,10,4.331582e+02
27,10,20,4.328757e+02
27,10,30,4.328325e+02
27,10,40,4.327415e+02
27,10,50,4.323615e+02
27,10,60,4.321774e+02
27,10,70,4.320093e+02
27,10,80,4.318468e+02
27,10,90,4.317455e+02
27,10,100,4.315653e+02
27,10,1,6.999946e+02
27,10,2,6.375001e+02
27,10,3,5.333131e+02
27,10,5,4.219828e+02
27,10,10,4.165122e+02
27,10,20,4.154789e+02
27,10,30,4.153845e+02
27,10,40,4.152232e+02
27,10,50,4.150583e+02
27,10,60,4.149808e+02
27,10,70,4.148614e+02
27,10,80,4.147414e+02
27,10,90,4.147231e+02
27,10,100,4.146554e+02
27,10,1,5.716496e+02
27,10,2,5.716496e+02
27,10,3,5.307410e+02
27,10,5,4.704037e+02
27,10,10,4.268104e+02
27,10,20,4.156749e+02
27,10,30,4.152025e+02
27,10,40,4.146631e+02
27,10,50,4.143617e+02
27,10,60,4.142109e+02
27,10,70,4.140615e+02
27,10,80,4.137418e+02
27,10,90,4.135013e+02
27,10,100,4.134021e+02
27,10,1,5.704811e+02
27,10,2,5.281526e+02
27,10,3,4.894918e+02
27,10,5,4.463058e+02
27,10,10,4.414120e+02
27,10,20,4.330800e+02
27,10,30,4.250110e+02
27,10,40,4.249144e+02
27,10,50,4.248227e+02
27,10,60,4.246800e+02
27,10,70,4.246318e+02
27,10,80,4.244580e+02
27,10,90,4.244042e+02
27,10,100,4.243594e+02
27,10,1,5.237404e+02
27,10,2,4.660901e+02
27,10,3,4.476260e+02
27,10,5,4.476057e+02
27,10,10,4.385637e+02
27,10,20,4.377812e+02
27,10,30,4.375072e+02
27,10,40,4.355303e+02
27,10,50,4.346626e+02
27,10,60,4.344428e+02
27,10,70,4.343138e+02
27,10,80,4.339908e+02
27,10,90,4.336183e+02
27,10,100,4.333678e+02
27,10,1,6.494045e+02
27,10,2,6.367080e+02
27,10,3,4.985689e+02
27,10,5,4.744393e+02
27,10,10,4.220929e+02
27,10,20,4.115180e+02
27,10,30,4.107646e+02
27,10,40,4.104556e+02
27,10,50,4.103199e+02
27,10,60,4.102649e+02
27,10,70,4.101419e+02
27,10,80,4.099941e+02
27,10,90,4.098011e+02
27,10,100,4.096547e+02
27,10,1,7.600693e+02
27,10,2,6.104326e+02
27,10,3,4.626889e+02
27,10,5,4.562274e+02
27,10,10,4.253171e+02
27,10,20,4.251949e+02
27,10,30,4.251610e+02
27,10,40,4.250736e+02
27,10,50,4.250065e+02
27,10,60,4.249613e+02
27,10,70,4.248727e+02
27,10,80,4.248332e+02
27,10,90,4.247312e+02
27,10,100,4.247171e+02
