funcid,dim,milestone,error
24,30,1,1.254111e+03
24,30,2,1.174018e+03
24,30,3,1.009786e+03
24,30,5,9.075175e+02
24,30,10,8.802726e+02
24,30,20,8.553750e+02
24,30,30,8.466339e+02
24,30,40,8.416635e+02
24,30,50,8.383742e+02
24,30,60,8.365620e+02
24,30,70,8.348626e+02
24,30,80,8.328923e+02
24,30,90,8.311478e+02
24,30,100,8.289697e+02
24,30,1,1.380849e+03
24,30,2,1.274200e+03
24,30,3,9.913620e+02
24,30,5,9.112826e+02
24,30,10,9.013412e+02
24,30,20,8.981132e+02
24,30,30,8.920556e+02
24,30,40,8.880009e+02
24,30,50,8.843848e+02
24,30,60,8.817569e+02
24,30,70,8.789195e+02
24,30,80,8.737462e+02
24,30,90,8.674339e+02
24,30,100,8.655176e+02
24,30,1,1.357265e+03
24,30,2,1.127817e+03
24,30,3,1.007348e+03
24,30,5,8.905961e+02
24,30,10,8.873796e+02
24,30,20,8.849058e+02
24,30,30,8.818555e+02
24,30,40,8.804495e+02
24,30,50,8.776840e+02
24,30,60,8.757524e+02
24,30,70,8.744498e+02
24,30,80,8.728855e+02
24,30,90,8.707853e+02
24,30,100,8.654750e+02
24,30,1,1.309143e+03
24,30,2,1.075940e+03
24,30,3,9.948236e+02
24,30,5,9.793147e+02
24,30,10,8.863596e+02
24,30,20,6.961963e+02
24,30,30,6.944170e+02
24,30,40,6.918358e+02
24,30,50,6.901368e+02
24,30,60,6.874586e+02
24,30,70,6.846090e+02
24,30,80,6.822708e+02
24,30,90,6.789091e+02
24,30,100,6.726802e+02
24,30,1,1.490194e+03
24,30,2,1.140739e+03
24,30,3,1.056616e+03
24,30,5,8.745158e+02
24,30,10,8.689386e+02
24,30,20,8.646322e+02
24,30,30,8.514147e+02
24,30,40,8.476328e+02
24,30,50,8.425454e+02
24,30,60,8.393920e+02
24,30,70,8.352157e+02
24,30,80,8.320081e+02
24,30,90,8.290042e+02
24,30,100,8.264338e+02
24,30,1,1.160880e+03
24,30,2,1.127834e+03
24,30,3,9.479887e+02
24,30,5,8.750563e+02
24,30,10,8.694177e+02
24,30,20,8.239786e+02
24,30,30,8.211251e+02
24,30,40,8.161866e+02
24,30,50,8.111674e+02
24,30,60,8.074632e+02
24,30,70,8.037671e+02
24,30,80,7.981584e+02
24,30,90,7.962803e+02
24,30,100,7.938534e+02
24,30,1,1.113977e+03
24,30,2,9.739054e+02
24,30,3,9.623137e+02
24,30,5,9.157316e+02
24,30,10,8.906607e+02
24,30,20,8.845973e+02
24,30,30,8.788571e+02
24,30,40,8.744946e+02
24,30,50,8.678286e+02
24,30,60,8.659253e+02
24,30,70,8.641782e+02
24,30,80,8.605017e+02
24,30,90,8.556937e+02
24,30,100,8.527832e+02
24,30,1,1.255808e+03
24,30,2,1.179215e+03
24,30,3,1.109273e+03
24,30,5,9.195767e+02
24,30,10,8.844050e+02
24,30,20,8.636030e+02
24,30,30,8.585935e+02
24,30,40,8.541894e+02
24,30,50,8.520146e+02
24,30,60,8.499611e+02
24,30,70,8.476353e+02
24,30,80,8.432339e+02
24,30,90,8.402352e+02
24,30,100,8.352160e+02
24,30,1,1.443418e+03
24,30,2,1.110855e+03
24,30,3,9.802976e+02
24,30,5,8.750526e+02
24,30,10,8.128818e+02
24,30,20,7.872098e+02
24,30,30,7.833571e+02
24,30,40,7.784510e+02
24,30,50,7.757949e+02
24,30,60,7.729139e+02
24,30,70,7.680915e+02
24,30,80,7.669169e+02
24,30,90,7.652578e+02
24,30,100,7.612669e+02
24,30,1,1.555755e+03
24,30,2,1.296908e+03
24,30,3,9.538628e+02
24,30,5,9.304812e+02
24,30,10,8.713896e+02
24,30,20,8.617116e+02
24,30,30,8.396629e+02
24,30,40,8.275554e+02
24,30,50,8.238309e+02
24,30,60,8.207892e+02
24,30,70,8.168039e+02
24,30,80,8.139657e+02
24,30,90,8.110630e+02
24,30,100,8.077480e+02
24,30,1,1.403934e+03
24,30,2,1.160260e+03
24,30,3,1.130522e+03
24,30,5,9.810495e+02
24,30,10,9.656901e+02
24,30,20,9.339971e+02
24,30,30,9.260459e+02
24,30,40,9.185494e+02
24,30,50,9.165040e+02
24,30,60,9.128767e+02
24,30,70,9.108905e+02
24,30,80,9.073846e+02
24,30,90,9.009437e+02
24,30,100,8.992636e+02
24,30,1,1.299040e+03
24,30,2,1.114482e+03
24,30,3,9.481193e+02
24,30,5,7.899410e+02
24,30,10,7.692758e+02
24,30,20,7.573502e+02
24,30,30,7.505618e+02
24,30,40,7.463384e+02
24,30,50,7.409190e+02
24,30,60,7.360696e+02
24,30,70,7.327152e+02
24,30,80,7.292492e+02
24,30,90,7.269548e+02
24,30,100,7.237760e+02
24,30,1,1.579705e+03
24,30,2,1.142289e+03
24,30,3,1.008994e+03
24,30,5,8.897040e+02
24,30,10,8.205000e+02
24,30,20,8.132586e+02
24,30,30,8.098914e+02
24,30,40,8.065250e+02
24,30,50,8.024047e+02
24,30,60,7.998231e+02
24,30,70,7.910710e+02
24,30,80,7.886490e+02
24,30,90,7.866828e+02
24,30,100,7.819624e+02
24,30,1,1.065621e+03
24,30,2,1.029513e+03
24,30,3,1.014418e+03
24,30,5,9.951781e+02
24,30,10,8.744252e+02
24,30,20,8.612524e+02
24,30,30,8.570763e+02
24,30,40,8.522379e+02
24,30,50,8.492592e+02
24,30,60,8.409615e+02
24,30,70,8.362077e+02
24,30,80,8.320819e+02
24,30,90,8.297753e+02
24,30,100,8.239839e+02
24,30,1,1.153498e+03
24,30,2,1.082739e+03
24,30,3,9.828371e+02
24,30,5,8.978769e+02
24,30,10,8.653529e+02
24,30,20,8.548258e+02
24,30,30,8.541511e+02
24,30,40,8.507877e+02
24,30,50,8.486035e+02
24,30,60,8.478047e+02
24,30,70,8.414473e+02
24,30,80,8.374852e+02
24,30,90,8.357748e+02
24,30,100,8.342992e+02
24,30,1,1.454196e+03
24,30,2,1.206513e+03
24,30,3,1.086902e+03
24,30,5,9.975635e+02
24,30,10,8.979320e+02
24,30,20,8.895317e+02
24,30,30,8.766704e+02
24,30,40,8.712222e+02
24,30,50,8.664767e+02
24,30,60,8.634382e+02
24,30,70,8.584914e+02
24,30,80,8.559462e+02
24,30,90,8.533595e+02
24,30,100,8.497168e+02
24,30,1,1.206830e+03
24,30,2,9.902842e+02
24,30,3,9.890350e+02
24,30,5,9.863028e+02
24,30,10,8.844691e+02
24,30,20,8.375741e+02
24,30,30,8.309567e+02
24,30,40,8.278610e+02
24,30,50,8.246991e+02
24,30,60,8.212791e+02
24,30,70,8.190599e+02
24,30,80,8.174812e+02
24,30,90,8.134936e+02
24,30,100,8.095563e+02
24,30,1,1.443565e+03
24,30,2,1.120733e+03
24,30,3,1.099991e+03
24,30,5,1.026944e+03
24,30,10,8.588088e+02
24,30,20,8.416667e+02
24,30,30,8.382573e+02
24,30,40,8.351910e+02
24,30,50,8.325311e+02
24,30,60,8.302465e+02
24,30,70,8.281410e+02
24,30,80,8.240202e+02
24,30,90,8.221311e+02
24,30,100,8.204248e+02
24,30,1,1.488636e+03
24,30,2,1.222570e+03
24,30,3,1.099548e+03
24,30,5,1.050026e+03
24,30,10,8.595189e+02
24,30,20,8.411099e+02
24,30,30,8.389266e+02
24,30,40,8.355123e+02
24,30,50,8.295357e+02
24,30,60,8.270190e+02
24,30,70,8.218101e+02
24,30,80,8.175772e+02
24,30,90,8.126793e+02
24,30,100,8.104442e+02
24,30,1,1.238125e+03
24,30,2,1.042898e+03
24,30,3,1.007754e+03
24,30,5,8.436891e+02
24,30,10,7.878147e+02
24,30,20,7.820372e+02
24,30,30,7.789131e+02
24,30,40,7.758606e+02
24,30,50,7.732455e+02
24,30,60,7.714053e+02
24,30,70,7.705397e+02
24,30,80,7.689692e+02
24,30,90,7.669868e+02
24,30,100,7.640026e+02
24,30,1,1.429530e+03
24,30,2,1.208571e+03
24,30,3,1.040375e+03
24,30,5,8.921085e+02
24,30,10,8.630125e+02
24,30,20,8.547745e+02
24,30,30,8.466003e+02
24,30,40,8.453001e+02
24,30,50,8.426807e+02
24,30,60,8.398151e+02
24,30,70,8.381489e+02
24,30,80,8.326908e+02
24,30,90,8.305226e+02
24,30,100,8.287319e+02
24,30,1,1.295542e+03
24,30,2,1.097498e+03
24,30,3,9.300752e+02
24,30,5,9.221465e+02
24,30,10,8.735892e+02
24,30,20,8.700818e+02
24,30,30,8.441594e+02
24,30,40,8.384822e+02
24,30,50,8.329267e+02
24,30,60,8.291426e+02
24,30,70,8.279169e+02
24,30,80,8.240306e+02
24,30,90,8.194622e+02
24,30,100,8.172390e+02
24,30,1,1.223093e+03
24,30,2,1.128092e+03
24,30,3,1.127501e+03
24,30,5,9.387956e+02
24,30,10,8.644054e+02
24,30,20,8.547569e+02
24,30,30,8.506550e+02
24,30,40,8.489824e+02
24,30,50,8.432939e+02
24,30,60,8.398271e+02
24,30,70,8.318330e+02
24,30,80,8.288396e+02
24,30,90,8.266248e+02
24,30,100,8.240991e+02
24,30,1,1.411507e+03
24,30,2,1.247634e+03
24,30,3,1.115292e+03
24,30,5,9.059939e+02
24,30,10,8.349941e+02
24,30,20,8.308826e+02
24,30,30,8.280020e+02
24,30,40,8.261251e+02
24,30,50,8.240192e+02
24,30,60,8.209046e+02
24,30,70,8.184468e+02
24,30,80,8.148154e+02
24,30,90,8.121594e+02
24,30,100,8.064222e+02
24,30,1,1.089161e+03
24,30,2,1.073446e+03
24,30,3,9.627613e+02
24,30,5,8.810866e+02
24,30,10,7.853097e+02
24,30,20,7.809640e+02
24,30,30,7.752329e+02
24,30,40,7.700914e+02
24,30,50,7.658893e+02
24,30,60,7.640318e+02
24,30,70,7.602624e+02
24,30,80,7.575744e+02
24,30,90,7.548078e+02
24,30,100,7.526290e+02
24,30,1,1.238065e+03
24,30,2,1.129758e+03
24,30,3,1.024902e+03
24,30,5,9.060959e+02
24,30,10,8.741587e+02
24,30,20,8.697047e+02
24,30,30,8.690641e+02
24,30,40,8.673644e+02
24,30,50,8.661127e+02
24,30,60,8.643755e+02
24,30,70,8.620371e+02
24,30,80,8.611262e+02
24,30,90,8.575257e+02
24,30,100,8.561642e+02
24,30,1,1.291588e+03
24,30,2,1.170663e+03
24,30,3,1.073023e+03
24,30,5,1.015014e+03
24,30,10,8.173085e+02
24,30,20,7.336146e+02
24,30,30,7.306780e+02
24,30,40,7.289056e+02
24,30,50,7.272319e+02
24,30,60,7.220127e+02
24,30,70,7.186612e+02
24,30,80,7.170472e+02
24,30,90,7.136362e+02
24,30,100,7.106283e+02
24,30,1,1.502623e+03
24,30,2,1.157718e+03
24,30,3,1.050906e+03
24,30,5,9.754671e+02
24,30,10,8.482233e+02
24,30,20,8.428538e+02
24,30,30,8.398548e+02
24,30,40,8.374685e+02
24,30,50,8.354901e+02
24,30,60,8.326871e+02
24,30,70,8.305551e+02
24,30,80,8.284097e+02
24,30,90,8.265943e+02
24,30,100,8.238230e+02
24,30,1,1.409053e+03
24,30,2,1.129920e+03
24,30,3,9.785582e+02
24,30,5,9.620818e+02
24,30,10,8.385022e+02
24,30,20,8.153617e+02
24,30,30,8.035640e+02
24,30,40,8.002795e+02
24,30,50,7.985453e+02
24,30,60,7.952046e+02
24,30,70,7.918185e+02
24,30,80,7.873871e+02
24,30,90,7.866062e+02
24,30,100,7.847219e+02
24,30,1,1.473247e+03
24,30,2,1.349186e+03
24,30,3,1.122593e+03
24,30,5,9.971833e+02
24,30,10,8.800682e+02
24,30,20,8.382159e+02
24,30,30,8.347046e+02
24,30,40,8.322315e+02
24,30,50,8.298892e+02
24,30,60,8.277964e+02
24,30,70,8.235467e+02
24,30,80,8.214423e+02
24,30,90,8.184683e+02
24,30,100,8.147683e+02
24,30,1,1.260190e+03
24,30,2,1.124879e+03
24,30,3,9.752368e+02
24,30,5,9.496535e+02
24,30,10,9.124523e+02
24,30,20,8.847810e+02
24,30,30,8.819205e+02
24,30,40,8.791773e+02
24,30,50,8.775578e+02
24,30,60,8.733085e+02
24,30,70,8.701525e+02
24,30,80,8.690043e+02
24,30,90,8.664938e+02
24,30,100,8.646615e+02
