funcid,dim,milestone,error
23,50,1,2.044684e+03
23,50,2,1.815644e+03
23,50,3,1.655504e+03
23,50,5,1.356921e+03
23,50,10,1.290381e+03
23,50,20,1.271236e+03
23,50,30,1.251445e+03
23,50,40,1.239925e+03
23,50,50,1.227719e+03
23,50,60,1.216603e+03
23,50,70,1.205360e+03
23,50,80,1.187414e+03
23,50,90,1.180931e+03
23,50,100,1.169594e+03
23,50,1,1.535324e+03
23,50,2,1.226829e+03
23,50,3,1.184989e+03
23,50,5,1.159221e+03
23,50,10,1.149729e+03
23,50,20,1.129868e+03
23,50,30,1.118188e+03
23,50,40,1.111813e+03
23,50,50,1.104975e+03
23,50,60,1.097128e+03
23,50,70,1.086726e+03
23,50,80,1.073456e+03
23,50,90,1.065303e+03
23,50,100,1.056569e+03
23,50,1,1.925990e+03
23,50,2,1.477627e+03
23,50,3,1.304913e+03
23,50,5,1.178705e+03
23,50,10,1.138002e+03
23,50,20,1.107624e+03
23,50,30,1.099242e+03
23,50,40,1.091236e+03
23,50,50,1.080895e+03
23,50,60,1.069741e+03
23,50,70,1.060831e+03
23,50,80,1.055229e+03
23,50,90,1.049110e+03
23,50,100,1.041656e+03
23,50,1,2.154539e+03
23,50,2,1.756040e+03
23,50,3,1.536380e+03
23,50,5,1.373897e+03
23,50,10,1.296458e+03
23,50,20,1.236833e+03
23,50,30,1.228901e+03
23,50,40,1.222021e+03
23,50,50,1.212558e+03
23,50,60,1.202267e+03
23,50,70,1.194743e+03
23,50,80,1.180919e+03
23,50,90,1.174728e+03
23,50,100,1.167318e+03
23,50,1,1.772455e+03
23,50,2,1.490146e+03
23,50,3,1.387995e+03
23,50,5,1.309334e+03
23,50,10,1.298259e+03
23,50,20,1.282136e+03
23,50,30,1.272616e+03
23,50,40,1.265049e+03
23,50,50,1.257338e+03
23,50,60,1.250639e+03
23,50,70,1.238315e+03
23,50,80,1.228843e+03
23,50,90,1.215176e+03
23,50,100,1.204140e+03
23,50,1,2.179019e+03
23,50,2,1.474565e+03
23,50,3,1.428181e+03
23,50,5,1.423242e+03
23,50,10,1.319004e+03
23,50,20,1.298823e+03
23,50,30,1.285980e+03
23,50,40,1.269737e+03
23,50,50,1.257346e+03
23,50,60,1.244078e+03
23,50,70,1.234144e+03
23,50,80,1.223279e+03
23,50,90,1.212001e+03
23,50,100,1.201640e+03
23,50,1,2.158850e+03
23,50,2,1.700637e+03
23,50,3,1.470419e+03
23,50,5,1.291058e+03
23,50,10,1.259622e+03
23,50,20,1.238895e+03
23,50,30,1.228624e+03
23,50,40,1.220351e+03
23,50,50,1.209424e+03
23,50,60,1.201418e+03
23,50,70,1.191732e+03
23,50,80,1.178567e+03
23,50,90,1.169405e+03
23,50,100,1.164746e+03
23,50,1,2.182648e+03
23,50,2,1.923213e+03
23,50,3,1.609000e+03
23,50,5,1.300214e+03
23,50,10,1.160884e+03
23,50,20,1.118522e+03
23,50,30,1.111741e+03
23,50,40,1.099374e+03
23,50,50,1.094737e+03
23,50,60,1.082319e+03
23,50,70,1.072600e+03
23,50,80,1.064436e+03
23,50,90,1.056153e+03
23,50,100,1.048016e+03
23,50,1,2.245701e+03
23,50,2,1.634855e+03
23,50,3,1.408334e+03
23,50,5,1.355206e+03
23,50,10,1.317346e+03
23,50,20,1.308997e+03
23,50,30,1.299602e+03
23,50,40,1.290100e+03
23,50,50,1.282727e+03
23,50,60,1.275245e+03
23,50,70,1.265423e+03
23,50,80,1.258861e+03
23,50,90,1.250758e+03
23,50,100,1.241800e+03
23,50,1,2.263645e+03
23,50,2,1.487499e+03
23,50,3,1.315513e+03
23,50,5,1.265457e+03
23,50,10,1.236426e+03
23,50,20,1.227361e+03
23,50,30,1.220300e+03
23,50,40,1.214550e+03
23,50,50,1.202302e+03
23,50,60,1.188678e+03
23,50,70,1.174185e+03
23,50,80,1.161678e+03
23,50,90,1.147989e+03
23,50,100,1.136154e+03
23,50,1,2.058627e+03
23,50,2,1.525190e+03
23,50,3,1.364676e+03
23,50,5,1.308803e+03
23,50,10,1.297262e+03
23,50,20,1.259614e+03
23,50,30,1.223983e+03
23,50,40,1.206779e+03
23,50,50,1.192467e+03
23,50,60,1.178587e+03
23,50,70,1.168405e+03
23,50,80,1.162306e+03
23,50,90,1.152773e+03
23,50,100,1.142843e+03
23,50,1,2.314083e+03
23,50,2,1.843831e+03
23,50,3,1.484615e+03
23,50,5,1.294312e+03
23,50,10,1.274246e+03
23,50,20,1.264143e+03
23,50,30,1.254546e+03
23,50,40,1.248328e+03
23,50,50,1.238742e+03
23,50,60,1.231807e+03
23,50,70,1.220446e+03
23,50,80,1.212250e+03
23,50,90,1.200759e+03
23,50,100,1.182613e+03
23,50,1,2.232479e+03
23,50,2,1.622779e+03
23,50,3,1.415435e+03
23,50,5,1.322994e+03
23,50,10,1.275016e+03
23,50,20,1.242345e+03
23,50,30,1.229604e+03
23,50,40,1.221150e+03
23,50,50,1.215078e+03
23,50,60,1.206306e+03
23,50,70,1.198895e+03
23,50,80,1.192027e+03
23,50,90,1.179392e+03
23,50,100,1.176349e+03
23,50,1,1.899363e+03
23,50,2,1.702685e+03
23,50,3,1.308009e+03
23,50,5,1.185314e+03
23,50,10,1.135946e+03
23,50,20,1.117020e+03
23,50,30,1.108931e+03
23,50,40,1.099564e+03
23,50,50,1.084386e+03
23,50,60,1.074235e+03
23,50,70,1.065642e+03
23,50,80,1.055671e+03
23,50,90,1.050261e+03
23,50,100,1.044774e+03
23,50,1,2.244084e+03
23,50,2,2.069078e+03
23,50,3,1.599000e+03
23,50,5,1.394753e+03
23,50,10,1.343718e+03
23,50,20,1.312501e+03
23,50,30,1.302385e+03
23,50,40,1.297505e+03
23,50,50,1.292662e+03
23,50,60,1.277241e+03
23,50,70,1.273833e+03
23,50,80,1.266681e+03
23,50,90,1.262402e+03
23,50,100,1.256409e+03
23,50,1,1.786995e+03
23,50,2,1.617677e+03
23,50,3,1.448072e+03
23,50,5,1.155069e+03
23,50,10,1.108368e+03
23,50,20,1.098579e+03
23,50,30,1.091867e+03
23,50,40,1.082534e+03
23,50,50,1.075112e+03
23,50,60,1.068198e+03
23,50,70,1.062337e+03
23,50,80,1.055685e+03
23,50,90,1.050186e+03
23,50,100,1.044842e+03
23,50,1,2.456936e+03
23,50,2,1.415823e+03
23,50,3,1.312901e+03
23,50,5,1.276642e+03
23,50,10,1.261669e+03
23,50,20,1.254671e+03
23,50,30,1.245772e+03
23,50,40,1.237169e+03
23,50,50,1.230677e+03
23,50,60,1.208587e+03
23,50,70,1.201991e+03
23,50,80,1.196827e+03
23,50,90,1.189655e+03
23,50,100,1.182718e+03
23,50,1,2.093332e+03
23,50,2,1.680150e+03
23,50,3,1.521841e+03
23,50,5,1.371287e+03
23,50,10,1.280602e+03
23,50,20,1.264806e+03
23,50,30,1.256917e+03
23,50,40,1.247007e+03
23,50,50,1.237285e+03
23,50,60,1.227052e+03
23,50,70,1.220365e+03
23,50,80,1.212891e+03
23,50,90,1.204152e+03
23,50,100,1.194528e+03
23,50,1,2.392481e+03
23,50,2,1.901898e+03
23,50,3,1.575755e+03
23,50,5,1.377694e+03
23,50,10,1.174468e+03
23,50,20,1.152474e+03
23,50,30,1.144422e+03
23,50,40,1.136563e+03
23,50,50,1.127246e+03
23,50,60,1.118504e+03
23,50,70,1.111598e+03
23,50,80,1.104938e+03
23,50,90,1.093941e+03
23,50,100,1.084008e+03
23,50,1,2.021348e+03
23,50,2,1.383609e+03
23,50,3,1.278229e+03
23,50,5,1.187887e+03
23,50,10,1.166229e+03
23,50,20,1.145679e+03
23,50,30,1.137715e+03
23,50,40,1.126476e+03
23,50,50,1.116385e+03
23,50,60,1.106388e+03
23,50,70,1.089640e+03
23,50,80,1.081790e+03
23,50,90,1.075641e+03
23,50,100,1.066321e+03
23,50,1,2.449229e+03
23,50,2,1.641613e+03
23,50,3,1.489653e+03
23,50,5,1.419866e+03
23,50,10,1.390185e+03
23,50,20,1.252155e+03
23,50,30,1.219256e+03
23,50,40,1.204602e+03
23,50,50,1.196109e+03
23,50,60,1.187924e+03
23,50,70,1.181349e+03
23,50,80,1.173269e+03
23,50,90,1.163118e+03
23,50,100,1.158104e+03
23,50,1,2.251113e+03
23,50,2,1.784377e+03
23,50,3,1.401106e+03
23,50,5,1.218930e+03
23,50,10,1.190188e+03
23,50,20,1.184466e+03
23,50,30,1.177649e+03
23,50,40,1.171903e+03
23,50,50,1.164333e+03
23,50,60,1.154737e+03
23,50,70,1.149095e+03
23,50,80,1.136922e+03
23,50,90,1.130347e+03
23,50,100,1.123411e+03
23,50,1,2.047633e+03
23,50,2,1.540552e+03
23,50,3,1.403674e+03
23,50,5,1.374601e+03
23,50,10,1.264185e+03
23,50,20,1.171620e+03
23,50,30,1.163741e+03
23,50,40,1.157172e+03
23,50,50,1.148299e+03
23,50,60,1.138150e+03
23,50,70,1.133535e+03
23,50,80,1.124871e+03
23,50,90,1.115654e+03
23,50,100,1.102482e+03
23,50,1,2.123015e+03
23,50,2,1.833133e+03
23,50,3,1.552992e+03
23,50,5,1.394525e+03
23,50,10,1.317408e+03
23,50,20,1.306619e+03
23,50,30,1.296356e+03
23,50,40,1.287335e+03
23,50,50,1.277713e+03
23,50,60,1.269057e+03
23,50,70,1.260162e+03
23,50,80,1.252355e+03
23,50,90,1.240379e+03
23,50,100,1.237205e+03
23,50,1,2.060734e+03
23,50,2,1.528123e+03
23,50,3,1.419137e+03
23,50,5,1.388151e+03
23,50,10,1.241828e+03
23,50,20,1.230808e+03
23,50,30,1.212198e+03
23,50,40,1.193883e+03
23,50,50,1.185359e+03
23,50,60,1.179049e+03
23,50,70,1.172992e+03
23,50,80,1.165172e+03
23,50,90,1.160067e+03
23,50,100,1.149485e+03
23,50,1,2.302821e+03
23,50,2,1.923247e+03
23,50,3,1.561595e+03
23,50,5,1.492352e+03
23,50,10,1.278044e+03
23,50,20,1.215637e+03
23,50,30,1.208537e+03
23,50,40,1.197418e+03
23,50,50,1.185654e+03
23,50,60,1.180289e+03
23,50,70,1.169930e+03
23,50,80,1.162099e+03
23,50,90,1.150963e+03
23,50,100,1.144272e+03
23,50,1,1.870900e+03
23,50,2,1.801997e+03
23,50,3,1.511443e+03
23,50,5,1.367858e+03
23,50,10,1.248793e+03
23,50,20,1.223384e+03
23,50,30,1.197444e+03
23,50,40,1.191176e+03
23,50,50,1.182121e+03
23,50,60,1.175732e+03
23,50,70,1.165677e+03
23,50,80,1.156917e+03
23,50,90,1.150345e+03
23,50,100,1.142584e+03
23,50,1,1.938325e+03
23,50,2,1.576504e+03
23,50,3,1.382756e+03
23,50,5,1.306660e+03
23,50,10,1.283214e+03
23,50,20,1.268938e+03
23,50,30,1.265390e+03
23,50,40,1.257298e+03
23,50,50,1.248616e+03
23,50,60,1.237355e+03
23,50,70,1.229850e+03
23,50,80,1.223093e+03
23,50,90,1.214626e+03
23,50,100,1.205210e+03
23,50,1,2.224235e+03
23,50,2,1.643236e+03
23,50,3,1.323848e+03
23,50,5,1.190061e+03
23,50,10,1.129342e+03
23,50,20,1.119298e+03
23,50,30,1.111144e+03
23,50,40,1.091646e+03
23,50,50,1.077860e+03
23,50,60,1.060988e+03
23,50,70,1.052357e+03
23,50,80,1.045868e+03
23,50,90,1.037654e+03
23,50,100,1.030830e+03
23,50,1,2.290084e+03
23,50,2,1.727586e+03
23,50,3,1.524689e+03
23,50,5,1.357232e+03
23,50,10,1.262331e+03
23,50,20,1.174441e+03
23,50,30,1.165161e+03
23,50,40,1.154822e+03
23,50,50,1.143089e+03
23,50,60,1.133555e+03
23,50,70,1.127809e+03
23,50,80,1.113114e+03
23,50,90,1.104166e+03
23,50,100,1.094609e+03
23,50,1,1.932894e+03
23,50,2,1.603599e+03
23,50,3,1.465720e+03
23,50,5,1.451190e+03
23,50,10,1.446395e+03
23,50,20,1.391351e+03
23,50,30,1.376075e+03
23,50,40,1.361996e+03
23,50,50,1.349864e+03
23,50,60,1.336569e+03
23,50,70,1.322259e+03
23,50,80,1.293521e+03
23,50,90,1.281788e+03
23,50,100,1.254333e+03
