funcid,dim,milestone,error
19,50,1,4.751853e+09
19,50,2,3.274891e+09
19,50,3,2.405244e+08
19,50,5,1.981955e+08
19,50,10,1.023633e+08
19,50,20,5.217001e+07
19,50,30,4.501042e+07
19,50,40,4.045592e+07
19,50,50,3.281797e+07
19,50,60,2.929273e+07
19,50,70,2.685909e+07
19,50,80,2.309988e+07
19,50,90,1.906247e+07
19,50,100,1.625411e+07
19,50,1,2.184125e+09
19,50,2,1.821203e+09
19,50,3,6.060330e+08
19,50,5,5.075881e+08
19,50,10,1.727459e+08
19,50,20,8.359709e+07
19,50,30,4.646133e+07
19,50,40,4.139727e+07
19,50,50,3.716024e+07
19,50,60,3.379671e+07
19,50,70,3.207587e+07
19,50,80,2.477068e+07
19,50,90,2.122846e+07
19,50,100,1.831627e+07
19,50,1,6.340083e+09
19,50,2,2.422409e+09
19,50,3,1.260094e+09
19,50,5,5.822577e+08
19,50,10,2.595857e+08
19,50,20,1.543909e+08
19,50,30,1.227553e+08
19,50,40,1.108904e+08
19,50,50,7.881190e+07
19,50,60,7.265311e+07
19,50,70,6.538268e+07
19,50,80,6.006857e+07
19,50,90,5.207963e+07
19,50,100,4.458332e+07
19,50,1,3.790514e+09
19,50,2,1.173735e+09
19,50,3,1.163207e+09
19,50,5,8.137058e+08
19,50,10,1.696785e+08
19,50,20,1.232125e+08
19,50,30,7.058070e+07
19,50,40,4.350660e+07
19,50,50,3.623384e+07
19,50,60,3.099267e+07
19,50,70,2.734763e+07
19,50,80,2.509498e+07
19,50,90,2.037612e+07
19,50,100,1.781027e+07
19,50,1,2.938933e+09
19,50,2,2.001003e+09
19,50,3,1.406450e+09
19,50,5,5.995855e+08
19,50,10,7.331746e+07
19,50,20,3.980239e+07
19,50,30,3.337517e+07
19,50,40,3.110142e+07
19,50,50,2.885730e+07
19,50,60,2.637962e+07
19,50,70,2.480868e+07
19,50,80,2.213693e+07
19,50,90,2.035798e+07
19,50,100,1.859789e+07
19,50,1,3.335831e+09
19,50,2,2.435342e+09
19,50,3,2.970214e+08
19,50,5,1.899867e+08
19,50,10,6.272328e+07
19,50,20,4.811886e+07
19,50,30,4.440951e+07
19,50,40,3.784048e+07
19,50,50,3.416879e+07
19,50,60,3.073318e+07
19,50,70,2.718940e+07
19,50,80,2.477430e+07
19,50,90,2.199782e+07
19,50,100,1.899422e+07
19,50,1,2.854253e+09
19,50,2,1.408852e+09
19,50,3,1.380421e+09
19,50,5,3.936741e+08
19,50,10,2.387237e+08
19,50,20,1.297855e+08
19,50,30,4.529269e+07
19,50,40,4.069446e+07
19,50,50,3.610224e+07
19,50,60,3.200112e+07
19,50,70,2.755045e+07
19,50,80,2.300833e+07
19,50,90,1.965896e+07
19,50,100,1.620867e+07
19,50,1,6.329382e+09
19,50,2,3.310964e+09
19,50,3,1.513729e+09
19,50,5,3.645490e+08
19,50,10,1.620922e+08
19,50,20,4.726139e+07
19,50,30,3.658701e+07
19,50,40,3.200489e+07
19,50,50,2.789600e+07
19,50,60,2.431797e+07
19,50,70,2.168643e+07
19,50,80,1.985216e+07
19,50,90,1.367918e+07
19,50,100,1.106854e+07
19,50,1,5.267289e+09
19,50,2,2.386673e+09
19,50,3,7.018567e+08
19,50,5,3.883267e+08
19,50,10,1.531403e+08
19,50,20,1.427856e+08
19,50,30,1.272229e+08
19,50,40,1.189272e+08
19,50,50,9.475476e+07
19,50,60,8.594204e+07
19,50,70,8.093043e+07
19,50,80,7.626553e+07
19,50,90,6.880875e+07
19,50,100,6.066076e+07
19,50,1,3.798719e+09
19,50,2,1.354475e+09
19,50,3,1.127514e+09
19,50,5,8.579255e+08
19,50,10,5.831573e+08
19,50,20,3.306127e+08
19,50,30,1.991164e+08
19,50,40,1.662251e+08
19,50,50,1.522553e+08
19,50,60,1.407750e+08
19,50,70,1.314449e+08
19,50,80,1.235784e+08
19,50,90,1.120873e+08
19,50,100,1.074822e+08
19,50,1,3.669838e+09
19,50,2,1.167080e+09
19,50,3,5.066493e+08
19,50,5,3.596438e+08
19,50,10,1.225836e+08
19,50,20,8.068568e+07
19,50,30,7.322385e+07
19,50,40,6.783789e+07
19,50,50,6.205296e+07
19,50,60,5.543335e+07
19,50,70,4.949001e+07
19,50,80,4.179743e+07
19,50,90,3.614781e+07
19,50,100,3.215643e+07
19,50,1,3.266584e+09
19,50,2,9.917845e+08
19,50,3,9.768869e+08
19,50,5,4.941487e+08
19,50,10,3.461798e+08
19,50,20,3.090618e+08
19,50,30,2.757544e+08
19,50,40,1.556202e+08
19,50,50,1.448294e+08
19,50,60,1.344293e+08
19,50,70,1.216879e+08
19,50,80,1.141111e+08
19,50,90,1.046378e+08
19,50,100,9.198195e+07
19,50,1,6.842049e+09
19,50,2,1.015000e+09
19,50,3,6.265083e+08
19,50,5,2.341728e+08
19,50,10,1.423546e+07
19,50,20,1.268935e+07
19,50,30,1.072716e+07
19,50,40,8.631607e+06
19,50,50,6.634179e+06
19,50,60,5.043112e+06
19,50,70,4.086036e+06
19,50,80,2.521580e+06
19,50,90,1.624682e+06
19,50,100,9.176556e+05
19,50,1,5.315116e+09
19,50,2,2.641762e+09
19,50,3,1.155702e+09
19,50,5,5.317636e+08
19,50,10,2.293596e+08
19,50,20,1.894716e+08
19,50,30,1.390738e+08
19,50,40,1.226020e+08
19,50,50,1.135132e+08
19,50,60,1.049779e+08
19,50,70,9.811580e+07
19,50,80,9.222358e+07
19,50,90,8.415044e+07
19,50,100,7.891536e+07
19,50,1,5.112019e+09
19,50,2,3.919066e+09
19,50,3,1.330116e+09
19,50,5,8.241530e+08
19,50,10,7.215437e+08
19,50,20,2.712405e+08
19,50,30,2.184119e+08
19,50,40,1.416503e+08
19,50,50,1.222269e+08
19,50,60,1.116059e+08
19,50,70,1.044654e+08
19,50,80,9.841620e+07
19,50,90,9.013573e+07
19,50,100,8.508848e+07
19,50,1,4.638421e+09
19,50,2,1.808673e+09
19,50,3,1.744477e+09
19,50,5,5.580119e+08
19,50,10,1.146695e+08
19,50,20,8.055166e+07
19,50,30,6.465857e+07
19,50,40,5.909833e+07
19,50,50,5.370332e+07
19,50,60,4.920591e+07
19,50,70,4.698143e+07
19,50,80,3.997808e+07
19,50,90,3.562209e+07
19,50,100,3.220437e+07
19,50,1,3.794863e+09
19,50,2,2.607159e+09
19,50,3,6.183413e+08
19,50,5,5.641655e+08
19,50,10,3.397373e+08
19,50,20,2.130733e+08
19,50,30,1.932722e+08
19,50,40,1.722056e+08
19,50,50,1.184221e+08
19,50,60,1.076878e+08
19,50,70,9.944642e+07
19,50,80,9.078967e+07
19,50,90,8.050559e+07
19,50,100,7.502423e+07
19,50,1,6.705340e+09
19,50,2,4.478915e+09
19,50,3,2.784335e+09
19,50,5,1.161974e+09
19,50,10,6.124080e+08
19,50,20,2.071664e+08
19,50,30,1.630651e+08
19,50,40,1.542995e+08
19,50,50,1.442254e+08
19,50,60,1.314405e+08
19,50,70,1.246426e+08
19,50,80,1.151414e+08
19,50,90,1.073160e+08
19,50,100,1.009706e+08
19,50,1,4.539331e+09
19,50,2,1.224058e+09
19,50,3,1.059483e+09
19,50,5,3.534277e+08
19,50,10,1.450648e+08
19,50,20,8.796843e+07
19,50,30,7.692284e+07
19,50,40,6.075330e+07
19,50,50,5.673846e+07
19,50,60,4.869820e+07
19,50,70,4.369864e+07
19,50,80,3.945318e+07
19,50,90,3.544971e+07
19,50,100,2.693227e+07
19,50,1,6.124280e+09
19,50,2,1.603036e+09
19,50,3,1.365428e+09
19,50,5,8.037320e+08
19,50,10,5.869668e+08
19,50,20,3.472768e+08
19,50,30,1.739824e+08
19,50,40,1.652234e+08
19,50,50,1.507777e+08
19,50,60,1.444712e+08
19,50,70,1.367985e+08
19,50,80,1.291460e+08
19,50,90,1.187076e+08
19,50,100,1.097290e+08
19,50,1,4.221798e+09
19,50,2,2.763916e+09
19,50,3,1.557482e+09
19,50,5,5.411519e+08
19,50,10,1.575251e+08
19,50,20,6.644328e+07
19,50,30,3.572735e+07
19,50,40,3.053979e+07
19,50,50,2.705580e+07
19,50,60,2.321762e+07
19,50,70,2.004089e+07
19,50,80,1.732343e+07
19,50,90,1.421536e+07
19,50,100,1.205414e+07
19,50,1,3.413901e+09
19,50,2,8.416372e+08
19,50,3,6.388488e+08
19,50,5,4.982819e+08
19,50,10,1.928799e+08
19,50,20,1.116507e+08
19,50,30,7.563282e+07
19,50,40,4.652795e+07
19,50,50,4.207670e+07
19,50,60,3.417094e+07
19,50,70,2.946277e+07
19,50,80,2.619490e+07
19,50,90,2.252510e+07
19,50,100,1.982679e+07
19,50,1,3.810737e+09
19,50,2,1.911722e+09
19,50,3,1.752990e+09
19,50,5,2.179179e+08
19,50,10,1.060226e+08
19,50,20,8.388484e+07
19,50,30,7.944553e+07
19,50,40,7.016035e+07
19,50,50,6.451379e+07
19,50,60,6.121019e+07
19,50,70,5.699282e+07
19,50,80,5.291498e+07
19,50,90,4.637492e+07
19,50,100,4.164069e+07
19,50,1,4.242121e+09
19,50,2,2.079204e+09
19,50,3,8.202993e+08
19,50,5,1.420535e+08
19,50,10,4.268848e+07
19,50,20,3.736543e+07
19,50,30,3.352742e+07
19,50,40,3.110122e+07
19,50,50,2.768535e+07
19,50,60,2.252501e+07
19,50,70,2.006695e+07
19,50,80,1.768834e+07
19,50,90,1.535931e+07
19,50,100,1.310855e+07
19,50,1,3.505801e+09
19,50,2,2.381899e+09
19,50,3,1.295973e+09
19,50,5,4.455663e+08
19,50,10,2.389710e+08
19,50,20,1.053076e+08
19,50,30,9.607054e+07
19,50,40,9.112090e+07
19,50,50,8.595216e+07
19,50,60,7.995615e+07
19,50,70,7.607327e+07
19,50,80,6.608291e+07
19,50,90,6.072644e+07
19,50,100,5.361868e+07
19,50,1,1.324142e+09
19,50,2,1.247396e+09
19,50,3,1.043047e+09
19,50,5,7.586708e+08
19,50,10,1.416711e+08
19,50,20,4.882693e+07
19,50,30,4.449881e+07
19,50,40,3.952532e+07
19,50,50,3.318518e+07
19,50,60,3.004588e+07
19,50,70,2.692622e+07
19,50,80,2.416965e+07
19,50,90,1.965109e+07
19,50,100,1.716309e+07
19,50,1,4.329998e+09
19,50,2,2.449140e+09
19,50,3,1.343017e+09
19,50,5,3.022292e+08
19,50,10,2.116327e+08
19,50,20,1.154157e+08
19,50,30,1.071309e+08
19,50,40,8.310522e+07
19,50,50,7.955926e+07
19,50,60,7.500769e+07
19,50,70,6.668304e+07
19,50,80,6.236363e+07
19,50,90,5.960812e+07
19,50,100,5.086292e+07
19,50,1,5.204016e+09
19,50,2,1.698833e+09
19,50,3,1.571752e+09
19,50,5,7.741675e+08
19,50,10,3.927421e+08
19,50,20,1.538406e+08
19,50,30,1.458586e+08
19,50,40,1.386328e+08
19,50,50,1.294608e+08
19,50,60,1.167296e+08
19,50,70,1.046986e+08
19,50,80,9.484239e+07
19,50,90,8.819733e+07
19,50,100,8.200226e+07
19,50,1,6.598949e+09
19,50,2,2.104018e+09
19,50,3,3.988958e+08
19,50,5,2.588965e+08
19,50,10,2.130904e+08
19,50,20,1.055642e+08
19,50,30,9.510167e+07
19,50,40,8.696944e+07
19,50,50,7.948732e+07
19,50,60,7.280570e+07
19,50,70,6.338194e+07
19,50,80,6.033455e+07
19,50,90,5.598165e+07
19,50,100,5.109618e+07
19,50,1,5.198884e+09
19,50,2,1.427757e+09
19,50,3,1.014231e+09
19,50,5,2.970502e+08
19,50,10,1.518952e+08
19,50,20,1.220598e+08
19,50,30,1.104592e+08
19,50,40,1.053459e+08
19,50,50,9.843067e+07
19,50,60,9.137924e+07
19,50,70,7.529247e+07
19,50,80,6.940058e+07
19,50,90,6.574204e+07
19,50,100,6.197285e+07
19,50,1,4.333000e+09
19,50,2,2.340052e+09
19,50,3,6.544858e+08
19,50,5,2.530295e+08
19,50,10,1.921478e+08
19,50,20,1.102103e+08
19,50,30,1.031786e+08
19,50,40,9.333697e+07
19,50,50,8.496158e+07
19,50,60,8.065738e+07
19,50,70,7.538587e+07
19,50,80,6.726572e+07
19,50,90,5.920009e+07
19,50,100,5.550522e+07
