funcid,dim,milestone,error
13,50,1,4.011297e+10
13,50,2,2.458258e+10
13,50,3,1.812106e+10
13,50,5,1.062698e+10
13,50,10,7.561808e+09
13,50,20,3.513897e+09
13,50,30,3.075825e+09
13,50,40,2.983697e+09
13,50,50,2.909271e+09
13,50,60,2.857324e+09
13,50,70,2.812039e+09
13,50,80,2.749002e+09
13,50,90,2.633764e+09
13,50,100,2.583896e+09
13,50,1,4.896210e+10
13,50,2,3.001620e+10
13,50,3,9.256161e+09
13,50,5,6.620322e+09
13,50,10,4.885235e+09
13,50,20,3.473696e+09
13,50,30,1.903217e+09
13,50,40,1.831972e+09
13,50,50,1.772466e+09
13,50,60,1.728537e+09
13,50,70,1.676395e+09
13,50,80,1.626636e+09
13,50,90,1.531041e+09
13,50,100,1.475287e+09
13,50,1,4.936963e+10
13,50,2,3.928864e+10
13,50,3,1.976669e+10
13,50,5,6.625131e+09
13,50,10,4.830488e+09
13,50,20,4.538628e+09
13,50,30,4.463413e+09
13,50,40,4.381812e+09
13,50,50,4.304637e+09
13,50,60,4.219450e+09
13,50,70,4.129565e+09
13,50,80,4.073284e+09
13,50,90,3.963196e+09
13,50,100,3.873478e+09
13,50,1,6.541007e+10
13,50,2,2.929595e+10
13,50,3,2.375244e+10
13,50,5,9.766647e+09
13,50,10,8.271919e+09
13,50,20,5.177117e+09
13,50,30,4.994151e+09
13,50,40,4.858873e+09
13,50,50,4.681919e+09
13,50,60,4.625520e+09
13,50,70,4.510523e+09
13,50,80,4.417355e+09
13,50,90,4.288370e+09
13,50,100,4.208028e+09
13,50,1,6.154530e+10
13,50,2,3.547390e+10
13,50,3,1.965849e+10
13,50,5,1.426357e+10
13,50,10,8.929835e+09
13,50,20,7.803838e+09
13,50,30,7.693422e+09
13,50,40,7.576082e+09
13,50,50,7.423315e+09
13,50,60,7.325563e+09
13,50,70,7.248393e+09
13,50,80,7.151688e+09
13,50,90,7.064590e+09
13,50,100,7.008899e+09
13,50,1,4.065995e+10
13,50,2,2.908988e+10
13,50,3,1.117000e+10
13,50,5,8.596775e+09
13,50,10,7.371454e+09
13,50,20,5.748077e+09
13,50,30,5.453683e+09
13,50,40,5.386053e+09
13,50,50,5.302916e+09
13,50,60,5.231971e+09
13,50,70,5.155784e+09
13,50,80,5.051989e+09
13,50,90,4.980969e+09
13,50,100,4.916951e+09
13,50,1,3.729481e+10
13,50,2,3.157561e+10
13,50,3,3.011208e+10
13,50,5,1.452619e+10
13,50,10,9.925111e+09
13,50,20,8.998337e+09
13,50,30,8.796005e+09
13,50,40,8.619353e+09
13,50,50,8.510262e+09
13,50,60,8.437144e+09
13,50,70,8.332715e+09
13,50,80,8.142020e+09
13,50,90,8.085130e+09
13,50,100,7.877052e+09
13,50,1,3.837535e+10
13,50,2,3.479312e+10
13,50,3,1.476316e+10
13,50,5,9.183556e+09
13,50,10,8.039988e+09
13,50,20,7.106063e+09
13,50,30,6.966518e+09
13,50,40,6.881487e+09
13,50,50,6.823178e+09
13,50,60,6.719578e+09
13,50,70,6.621219e+09
13,50,80,6.556192e+09
13,50,90,6.342668e+09
13,50,100,6.267784e+09
13,50,1,4.198806e+10
13,50,2,3.346184e+10
13,50,3,2.835158e+10
13,50,5,1.049892e+10
13,50,10,9.659260e+09
13,50,20,6.060602e+09
13,50,30,5.642007e+09
13,50,40,5.540232e+09
13,50,50,5.486694e+09
13,50,60,5.408782e+09
13,50,70,5.208454e+09
13,50,80,5.162804e+09
13,50,90,5.130978e+09
13,50,100,5.082696e+09
13,50,1,5.661850e+10
13,50,2,2.279113e+10
13,50,3,1.572887e+10
13,50,5,1.268144e+10
13,50,10,7.595565e+09
13,50,20,7.313041e+09
13,50,30,6.319889e+09
13,50,40,6.022951e+09
13,50,50,5.910991e+09
13,50,60,5.807010e+09
13,50,70,5.734314e+09
13,50,80,5.646341e+09
13,50,90,5.564413e+09
13,50,100,5.510936e+09
13,50,1,4.020075e+10
13,50,2,1.652625e+10
13,50,3,1.582172e+10
13,50,5,1.302957e+10
13,50,10,7.589833e+09
13,50,20,5.485773e+09
13,50,30,5.077845e+09
13,50,40,4.985935e+09
13,50,50,4.910438e+09
13,50,60,4.840028e+09
13,50,70,4.732860e+09
13,50,80,4.644876e+09
13,50,90,4.534866e+09
13,50,100,4.451411e+09
13,50,1,1.993806e+10
13,50,2,1.689587e+10
13,50,3,8.082905e+09
13,50,5,6.667985e+09
13,50,10,2.237758e+09
13,50,20,1.334046e+09
13,50,30,1.239496e+09
13,50,40,1.196264e+09
13,50,50,1.025746e+09
13,50,60,9.495783e+08
13,50,70,9.276449e+08
13,50,80,9.037157e+08
13,50,90,8.691896e+08
13,50,100,8.539002e+08
13,50,1,5.283081e+10
13,50,2,4.058662e+10
13,50,3,2.954427e+10
13,50,5,1.963201e+10
13,50,10,9.800118e+09
13,50,20,6.611467e+09
13,50,30,6.487730e+09
13,50,40,6.400511e+09
13,50,50,6.291871e+09
13,50,60,6.184608e+09
13,50,70,6.108685e+09
13,50,80,6.044224e+09
13,50,90,5.859758e+09
13,50,100,5.777914e+09
13,50,1,5.067622e+10
13,50,2,2.396159e+10
13,50,3,1.852660e+10
13,50,5,1.007386e+10
13,50,10,7.300145e+09
13,50,20,5.350922e+09
13,50,30,4.990605e+09
13,50,40,4.857183e+09
13,50,50,4.791522e+09
13,50,60,4.725955e+09
13,50,70,4.661090e+09
13,50,80,4.585492e+09
13,50,90,4.492691e+09
13,50,100,4.402884e+09
13,50,1,5.928947e+10
13,50,2,2.497018e+10
13,50,3,1.565040e+10
13,50,5,1.470620e+10
13,50,10,1.235630e+10
13,50,20,1.035003e+10
13,50,30,1.000947e+10
13,50,40,9.906598e+09
13,50,50,9.731745e+09
13,50,60,9.574551e+09
13,50,70,9.410074e+09
13,50,80,9.321730e+09
13,50,90,9.243531e+09
13,50,100,9.187194e+09
13,50,1,4.463406e+10
13,50,2,2.813042e+10
13,50,3,2.141204e+10
13,50,5,1.155824e+10
13,50,10,6.703328e+09
13,50,20,5.452851e+09
13,50,30,5.310891e+09
13,50,40,5.166213e+09
13,50,50,5.086490e+09
13,50,60,4.922936e+09
13,50,70,4.757207e+09
13,50,80,4.654346e+09
13,50,90,4.532918e+09
13,50,100,4.459278e+09
13,50,1,4.804587e+10
13,50,2,1.861814e+10
13,50,3,6.445621e+09
13,50,5,6.281656e+09
13,50,10,6.067176e+09
13,50,20,4.168157e+09
13,50,30,3.737911e+09
13,50,40,3.639379e+09
13,50,50,3.557951e+09
13,50,60,3.489889e+09
13,50,70,3.441520e+09
13,50,80,3.385013e+09
13,50,90,3.337500e+09
13,50,100,3.266324e+09
13,50,1,5.745551e+10
13,50,2,3.717906e+10
13,50,3,1.906644e+10
13,50,5,1.445182e+10
13,50,10,6.300336e+09
13,50,20,5.497436e+09
13,50,30,5.279690e+09
13,50,40,4.990640e+09
13,50,50,4.891851e+09
13,50,60,4.568208e+09
13,50,70,4.475104e+09
13,50,80,4.359570e+09
13,50,90,4.297590e+09
13,50,100,4.170426e+09
13,50,1,3.566675e+10
13,50,2,2.117374e+10
13,50,3,6.475084e+09
13,50,5,5.092763e+09
13,50,10,3.187861e+09
13,50,20,2.598830e+09
13,50,30,2.491985e+09
13,50,40,2.406812e+09
13,50,50,2.346263e+09
13,50,60,2.293985e+09
13,50,70,2.225381e+09
13,50,80,2.141979e+09
13,50,90,2.082826e+09
13,50,100,2.045012e+09
13,50,1,4.889801e+10
13,50,2,3.026550e+10
13,50,3,1.260926e+10
13,50,5,7.497278e+09
13,50,10,5.974511e+09
13,50,20,4.881957e+09
13,50,30,4.726181e+09
13,50,40,4.618331e+09
13,50,50,4.494645e+09
13,50,60,4.435403e+09
13,50,70,4.341110e+09
13,50,80,4.271967e+09
13,50,90,4.182415e+09
13,50,100,4.118676e+09
13,50,1,5.099483e+10
13,50,2,2.892024e+10
13,50,3,2.084990e+10
13,50,5,4.018457e+09
13,50,10,3.717348e+09
13,50,20,3.613012e+09
13,50,30,2.466888e+09
13,50,40,2.358260e+09
13,50,50,2.263666e+09
13,50,60,2.227550e+09
13,50,70,2.199759e+09
13,50,80,2.142058e+09
13,50,90,2.092732e+09
13,50,100,2.048952e+09
13,50,1,2.486065e+10
13,50,2,1.470450e+10
13,50,3,1.082444e+10
13,50,5,7.947773e+09
13,50,10,3.018735e+09
13,50,20,2.192699e+09
13,50,30,2.066230e+09
13,50,40,2.005864e+09
13,50,50,1.934769e+09
13,50,60,1.897393e+09
13,50,70,1.809743e+09
13,50,80,1.770844e+09
13,50,90,1.655601e+09
13,50,100,1.604742e+09
13,50,1,6.242090e+10
13,50,2,3.945991e+10
13,50,3,3.016037e+10
13,50,5,8.878823e+09
13,50,10,6.985295e+09
13,50,20,6.555738e+09
13,50,30,6.435687e+09
13,50,40,6.346151e+09
13,50,50,6.290368e+09
13,50,60,6.188699e+09
13,50,70,6.113245e+09
13,50,80,6.041489e+09
13,50,90,5.942027e+09
13,50,100,5.689924e+09
13,50,1,5.099113e+10
13,50,2,2.711205e+10
13,50,3,1.645288e+10
13,50,5,9.789111e+09
13,50,10,8.517067e+09
13,50,20,7.494860e+09
13,50,30,7.399427e+09
13,50,40,6.915433e+09
13,50,50,6.804159e+09
13,50,60,6.699826e+09
13,50,70,6.636064e+09
13,50,80,6.530066e+09
13,50,90,6.452930e+09
13,50,100,6.283369e+09
13,50,1,5.356630e+10
13,50,2,3.402287e+10
13,50,3,1.110280e+10
13,50,5,8.442516e+09
13,50,10,7.904911e+09
13,50,20,6.110499e+09
13,50,30,5.613632e+09
13,50,40,5.483595e+09
13,50,50,5.394016e+09
13,50,60,5.294880e+09
13,50,70,5.229215e+09
13,50,80,5.169864e+09
13,50,90,5.104297e+09
13,50,100,5.010360e+09
13,50,1,4.907412e+10
13,50,2,2.271202e+10
13,50,3,1.842503e+10
13,50,5,1.430269e+10
13,50,10,1.007596e+10
13,50,20,8.616631e+09
13,50,30,8.439381e+09
13,50,40,8.267932e+09
13,50,50,8.166239e+09
13,50,60,8.061803e+09
13,50,70,7.978372e+09
13,50,80,7.911839e+09
13,50,90,7.820307e+09
13,50,100,7.765508e+09
13,50,1,5.707908e+10
13,50,2,3.654141e+10
13,50,3,2.388283e+10
13,50,5,8.290412e+09
13,50,10,6.871416e+09
13,50,20,5.706726e+09
13,50,30,4.996267e+09
13,50,40,4.825345e+09
13,50,50,4.721386e+09
13,50,60,4.558828e+09
13,50,70,4.486651e+09
13,50,80,4.377742e+09
13,50,90,4.297308e+09
13,50,100,4.187277e+09
13,50,1,6.496484e+10
13,50,2,2.810815e+10
13,50,3,1.868673e+10
13,50,5,9.757456e+09
13,50,10,7.263919e+09
13,50,20,2.618062e+09
13,50,30,2.495966e+09
13,50,40,2.451010e+09
13,50,50,2.394116e+09
13,50,60,2.356182e+09
13,50,70,2.302861e+09
13,50,80,2.240610e+09
13,50,90,2.201424e+09
13,50,100,2.102383e+09
13,50,1,4.351998e+10
13,50,2,2.868341e+10
13,50,3,2.026946e+10
13,50,5,1.534309e+10
13,50,10,9.380614e+09
13,50,20,9.039995e+09
13,50,30,8.090020e+09
13,50,40,7.947164e+09
13,50,50,7.844609e+09
13,50,60,7.770135e+09
13,50,70,7.678766e+09
13,50,80,7.600869e+09
13,50,90,7.544301e+09
13,50,100,7.493059e+09
13,50,1,5.863802e+10
13,50,2,2.615481e+10
13,50,3,1.182056e+10
13,50,5,1.018031e+10
13,50,10,1.009471e+10
13,50,20,9.881587e+09
13,50,30,9.762706e+09
13,50,40,9.575649e+09
13,50,50,9.474246e+09
13,50,60,9.354281e+09
13,50,70,9.228991e+09
13,50,80,9.036520e+09
13,50,90,8.911107e+09
13,50,100,8.815593e+09
13,50,1,5.027386e+10
13,50,2,3.308835e+10
13,50,3,1.384450e+10
13,50,5,6.623334e+09
13,50,10,6.147070e+09
13,50,20,3.271340e+09
13,50,30,3.156603e+09
13,50,40,3.095123e+09
13,50,50,3.047318e+09
13,50,60,2.979245e+09
13,50,70,2.895033e+09
13,50,80,2.781685e+09
13,50,90,2.742124e+09
13,50,100,2.686175e+09
