funcid,dim,milestone,error
7,50,1,1.287708e+03
7,50,2,1.249742e+03
7,50,3,1.191694e+03
7,50,5,1.109422e+03
7,50,10,1.003385e+03
7,50,20,9.782721e+02
7,50,30,9.533179e+02
7,50,40,9.303514e+02
7,50,50,9.105922e+02
7,50,60,8.853639e+02
7,50,70,8.677227e+02
7,50,80,8.509641e+02
7,50,90,8.352645e+02
7,50,100,8.231595e+02
7,50,1,1.312502e+03
7,50,2,1.191884e+03
7,50,3,1.143935e+03
7,50,5,1.073392e+03
7,50,10,1.037754e+03
7,50,20,1.021611e+03
7,50,30,9.969765e+02
7,50,40,9.746284e+02
7,50,50,9.557270e+02
7,50,60,9.305063e+02
7,50,70,9.161466e+02
7,50,80,9.014322e+02
7,50,90,8.861052e+02
7,50,100,8.741864e+02
7,50,1,1.311441e+03
7,50,2,1.094309e+03
7,50,3,1.048595e+03
7,50,5,1.012428e+03
7,50,10,9.664701e+02
7,50,20,9.141795e+02
7,50,30,8.881220e+02
7,50,40,8.610113e+02
7,50,50,8.469521e+02
7,50,60,8.258984e+02
7,50,70,8.126367e+02
7,50,80,8.025635e+02
7,50,90,7.896916e+02
7,50,100,7.796339e+02
7,50,1,1.376856e+03
7,50,2,1.308625e+03
7,50,3,1.233109e+03
7,50,5,1.194179e+03
7,50,10,1.152859e+03
7,50,20,1.107732e+03
7,50,30,1.084784e+03
7,50,40,1.059247e+03
7,50,50,1.024163e+03
7,50,60,1.005964e+03
7,50,70,9.927460e+02
7,50,80,9.783313e+02
7,50,90,9.675312e+02
7,50,100,9.601132e+02
7,50,1,1.334254e+03
7,50,2,1.270493e+03
7,50,3,1.228021e+03
7,50,5,1.108585e+03
7,50,10,1.062517e+03
7,50,20,1.015513e+03
7,50,30,9.837716e+02
7,50,40,9.576131e+02
7,50,50,9.194696e+02
7,50,60,8.889580e+02
7,50,70,8.660576e+02
7,50,80,8.496174e+02
7,50,90,8.347923e+02
7,50,100,8.220275e+02
7,50,1,1.315823e+03
7,50,2,1.265955e+03
7,50,3,1.232336e+03
7,50,5,1.157291e+03
7,50,10,1.119376e+03
7,50,20,1.083617e+03
7,50,30,1.057509e+03
7,50,40,1.032504e+03
7,50,50,1.010241e+03
7,50,60,9.915687e+02
7,50,70,9.717384e+02
7,50,80,9.549727e+02
7,50,90,9.481897e+02
7,50,100,9.415126e+02
7,50,1,1.306635e+03
7,50,2,1.249112e+03
7,50,3,1.190933e+03
7,50,5,1.123834e+03
7,50,10,1.074388e+03
7,50,20,1.031279e+03
7,50,30,1.001498e+03
7,50,40,9.824967e+02
7,50,50,9.502896e+02
7,50,60,9.382745e+02
7,50,70,9.181173e+02
7,50,80,9.042075e+02
7,50,90,8.931644e+02
7,50,100,8.875565e+02
7,50,1,1.295075e+03
7,50,2,1.173646e+03
7,50,3,1.145255e+03
7,50,5,1.071393e+03
7,50,10,8.907930e+02
7,50,20,8.686534e+02
7,50,30,8.432291e+02
7,50,40,8.147901e+02
7,50,50,7.924844e+02
7,50,60,7.769317e+02
7,50,70,7.651913e+02
7,50,80,7.553396e+02
7,50,90,7.456032e+02
7,50,100,7.390980e+02
7,50,1,1.313100e+03
7,50,2,1.212483e+03
7,50,3,1.182353e+03
7,50,5,1.108818e+03
7,50,10,1.065908e+03
7,50,20,1.044024e+03
7,50,30,1.024192e+03
7,50,40,9.995102e+02
7,50,50,9.821549e+02
7,50,60,9.600190e+02
7,50,70,9.453891e+02
7,50,80,9.206337e+02
7,50,90,9.098073e+02
7,50,100,8.983992e+02
7,50,1,1.381349e+03
7,50,2,1.289923e+03
7,50,3,1.203268e+03
7,50,5,1.181913e+03
7,50,10,1.054274e+03
7,50,20,1.019744e+03
7,50,30,9.989438e+02
7,50,40,9.828752e+02
7,50,50,9.643721e+02
7,50,60,9.438973e+02
7,50,70,9.250955e+02
7,50,80,9.132791e+02
7,50,90,9.046587e+02
7,50,100,8.967910e+02
7,50,1,1.303951e+03
7,50,2,1.281909e+03
7,50,3,1.182965e+03
7,50,5,1.110686e+03
7,50,10,9.854083e+02
7,50,20,9.612220e+02
7,50,30,9.252978e+02
7,50,40,8.889464e+02
7,50,50,8.702435e+02
7,50,60,8.596145e+02
7,50,70,8.430252e+02
7,50,80,8.308534e+02
7,50,90,8.203301e+02
7,50,100,8.119352e+02
7,50,1,1.334229e+03
7,50,2,1.219794e+03
7,50,3,1.108996e+03
7,50,5,1.078887e+03
7,50,10,1.017183e+03
7,50,20,9.636594e+02
7,50,30,9.347733e+02
7,50,40,9.178924e+02
7,50,50,8.934394e+02
7,50,60,8.807309e+02
7,50,70,8.692877e+02
7,50,80,8.559319e+02
7,50,90,8.435197e+02
7,50,100,8.187463e+02
7,50,1,1.235582e+03
7,50,2,1.201028e+03
7,50,3,1.194754e+03
7,50,5,1.146855e+03
7,50,10,1.010441e+03
7,50,20,9.860574e+02
7,50,30,9.519772e+02
7,50,40,9.356703e+02
7,50,50,9.199440e+02
7,50,60,8.989295e+02
7,50,70,8.880304e+02
7,50,80,8.679704e+02
7,50,90,8.549155e+02
7,50,100,8.430280e+02
7,50,1,1.353327e+03
7,50,2,1.241783e+03
7,50,3,1.160004e+03
7,50,5,1.141976e+03
7,50,10,1.102958e+03
7,50,20,1.079069e+03
7,50,30,1.040030e+03
7,50,40,1.017669e+03
7,50,50,9.972129e+02
7,50,60,9.775473e+02
7,50,70,9.537037e+02
7,50,80,9.385553e+02
7,50,90,9.226315e+02
7,50,100,9.128441e+02
7,50,1,1.356344e+03
7,50,2,1.232081e+03
7,50,3,1.132679e+03
7,50,5,1.061459e+03
7,50,10,1.032412e+03
7,50,20,1.001080e+03
7,50,30,9.687885e+02
7,50,40,9.475803e+02
7,50,50,9.327472e+02
7,50,60,9.242908e+02
7,50,70,9.120447e+02
7,50,80,9.001791e+02
7,50,90,8.892389e+02
7,50,100,8.807494e+02
7,50,1,1.286409e+03
7,50,2,1.205485e+03
7,50,3,1.170479e+03
7,50,5,1.041131e+03
7,50,10,1.005331e+03
7,50,20,9.621417e+02
7,50,30,9.323767e+02
7,50,40,9.184881e+02
7,50,50,8.954632e+02
7,50,60,8.744143e+02
7,50,70,8.572035e+02
7,50,80,8.457704e+02
7,50,90,8.270174e+02
7,50,100,8.183002e+02
7,50,1,1.375766e+03
7,50,2,1.268838e+03
7,50,3,1.162993e+03
7,50,5,1.130329e+03
7,50,10,1.053535e+03
7,50,20,1.021964e+03
7,50,30,9.910844e+02
7,50,40,9.731942e+02
7,50,50,9.524244e+02
7,50,60,9.234031e+02
7,50,70,9.102440e+02
7,50,80,8.925014e+02
7,50,90,8.805415e+02
7,50,100,8.710880e+02
7,50,1,1.383122e+03
7,50,2,1.148787e+03
7,50,3,1.121762e+03
7,50,5,1.089573e+03
7,50,10,1.057640e+03
7,50,20,9.965460e+02
7,50,30,9.709173e+02
7,50,40,9.434272e+02
7,50,50,9.270276e+02
7,50,60,9.106583e+02
7,50,70,8.952833e+02
7,50,80,8.798681e+02
7,50,90,8.658083e+02
7,50,100,8.513894e+02
7,50,1,1.413219e+03
7,50,2,1.296740e+03
7,50,3,1.183375e+03
7,50,5,1.144019e+03
7,50,10,1.078591e+03
7,50,20,1.047140e+03
7,50,30,1.024582e+03
7,50,40,9.894760e+02
7,50,50,9.669267e+02
7,50,60,9.435226e+02
7,50,70,9.301618e+02
7,50,80,9.124224e+02
7,50,90,9.002787e+02
7,50,100,8.846629e+02
7,50,1,1.300172e+03
7,50,2,1.190904e+03
7,50,3,1.060430e+03
7,50,5,1.050868e+03
7,50,10,1.011113e+03
7,50,20,9.589599e+02
7,50,30,9.228206e+02
7,50,40,9.001730e+02
7,50,50,8.848609e+02
7,50,60,8.536582e+02
7,50,70,8.293749e+02
7,50,80,8.130943e+02
7,50,90,8.066376e+02
7,50,100,7.908853e+02
7,50,1,1.226475e+03
7,50,2,1.109635e+03
7,50,3,1.042289e+03
7,50,5,9.717537e+02
7,50,10,8.960447e+02
7,50,20,8.550004e+02
7,50,30,8.226165e+02
7,50,40,7.941324e+02
7,50,50,7.764568e+02
7,50,60,7.508719e+02
7,50,70,7.307681e+02
7,50,80,7.157923e+02
7,50,90,7.059086e+02
7,50,100,6.926334e+02
7,50,1,1.356278e+03
7,50,2,1.261368e+03
7,50,3,1.147962e+03
7,50,5,9.952358e+02
7,50,10,9.705132e+02
7,50,20,9.445710e+02
7,50,30,9.313599e+02
7,50,40,9.049158e+02
7,50,50,8.863365e+02
7,50,60,8.689876e+02
7,50,70,8.556847e+02
7,50,80,8.337473e+02
7,50,90,8.176606e+02
7,50,100,8.081868e+02
7,50,1,1.339336e+03
7,50,2,1.187510e+03
7,50,3,1.094842e+03
7,50,5,1.011926e+03
7,50,10,9.579231e+02
7,50,20,9.271296e+02
7,50,30,8.884958e+02
7,50,40,8.633134e+02
7,50,50,8.432555e+02
7,50,60,8.282533e+02
7,50,70,8.129401e+02
7,50,80,8.033363e+02
7,50,90,7.975446e+02
7,50,100,7.899007e+02
7,50,1,1.395797e+03
7,50,2,1.268065e+03
7,50,3,1.215200e+03
7,50,5,1.170576e+03
7,50,10,1.118227e+03
7,50,20,1.074091e+03
7,50,30,1.038611e+03
7,50,40,1.021563e+03
7,50,50,9.811087e+02
7,50,60,9.544151e+02
7,50,70,9.422585e+02
7,50,80,9.322024e+02
7,50,90,9.213245e+02
7,50,100,9.129575e+02
7,50,1,1.364940e+03
7,50,2,1.196075e+03
7,50,3,1.129650e+03
7,50,5,1.101360e+03
7,50,10,1.028825e+03
7,50,20,1.011382e+03
7,50,30,9.821529e+02
7,50,40,9.655651e+02
7,50,50,9.382116e+02
7,50,60,9.245248e+02
7,50,70,9.067436e+02
7,50,80,8.844942e+02
7,50,90,8.757254e+02
7,50,100,8.679497e+02
7,50,1,1.347657e+03
7,50,2,1.150859e+03
7,50,3,1.107686e+03
7,50,5,1.062010e+03
7,50,10,9.640149e+02
7,50,20,9.156743e+02
7,50,30,8.836601e+02
7,50,40,8.612944e+02
7,50,50,8.406897e+02
7,50,60,8.251602e+02
7,50,70,8.086434e+02
7,50,80,8.005809e+02
7,50,90,7.962878e+02
7,50,100,7.865665e+02
7,50,1,1.407137e+03
7,50,2,1.331788e+03
7,50,3,1.183043e+03
7,50,5,1.095770e+03
7,50,10,1.018118e+03
7,50,20,9.768980e+02
7,50,30,9.556097e+02
7,50,40,9.326061e+02
7,50,50,9.018979e+02
7,50,60,8.750108e+02
7,50,70,8.540312e+02
7,50,80,8.397993e+02
7,50,90,8.220109e+02
7,50,100,8.123748e+02
7,50,1,1.343989e+03
7,50,2,1.278703e+03
7,50,3,1.234896e+03
7,50,5,1.172357e+03
7,50,10,1.113846e+03
7,50,20,1.049549e+03
7,50,30,1.008048e+03
7,50,40,9.789912e+02
7,50,50,9.572084e+02
7,50,60,9.406660e+02
7,50,70,9.175724e+02
7,50,80,9.083258e+02
7,50,90,8.977683e+02
7,50,100,8.812713e+02
7,50,1,1.345976e+03
7,50,2,1.161362e+03
7,50,3,1.114444e+03
7,50,5,1.088994e+03
7,50,10,1.052516e+03
7,50,20,9.932805e+02
7,50,30,9.644989e+02
7,50,40,9.409683e+02
7,50,50,9.181145e+02
7,50,60,9.056337e+02
7,50,70,8.877709e+02
7,50,80,8.734712e+02
7,50,90,8.591217e+02
7,50,100,8.454485e+02
7,50,1,1.263896e+03
7,50,2,1.208829e+03
7,50,3,1.200885e+03
7,50,5,1.138031e+03
7,50,10,1.077563e+03
7,50,20,1.038840e+03
7,50,30,1.001713e+03
7,50,40,9.622543e+02
7,50,50,9.508567e+02
7,50,60,9.309125e+02
7,50,70,9.097229e+02
7,50,80,8.960827e+02
7,50,90,8.819626e+02
7,50,100,8.699425e+02
7,50,1,1.301814e+03
7,50,2,1.246596e+03
7,50,3,1.196066e+03
7,50,5,1.109192e+03
7,50,10,1.076308e+03
7,50,20,1.048839e+03
7,50,30,1.025972e+03
7,50,40,9.939784e+02
7,50,50,9.747117e+02
7,50,60,9.537740e+02
7,50,70,9.310150e+02
7,50,80,9.029859e+02
7,50,90,8.841636e+02
7,50,100,8.768754e+02
