funcid,dim,milestone,error
27,30,1,1.621437e+03
27,30,2,1.173580e+03
27,30,3,8.145015e+02
27,30,5,7.185895e+02
27,30,10,6.546956e+02
27,30,20,6.156033e+02
27,30,30,6.133315e+02
27,30,40,6.101286e+02
27,30,50,6.095428e+02
27,30,60,6.081413e+02
27,30,70,6.071739e+02
27,30,80,6.061957e+02
27,30,90,6.054044e+02
27,30,100,6.045896e+02
27,30,1,1.080408e+03
27,30,2,9.809527e+02
27,30,3,9.059313e+02
27,30,5,7.080690e+02
27,30,10,6.201196e+02
27,30,20,5.997101e+02
27,30,30,5.992076e+02
27,30,40,5.986775e+02
27,30,50,5.981256e+02
27,30,60,5.972710e+02
27,30,70,5.968807e+02
27,30,80,5.959172e+02
27,30,90,5.951710e+02
27,30,100,5.928156e+02
27,30,1,1.477538e+03
27,30,2,1.016918e+03
27,30,3,8.693828e+02
27,30,5,7.951343e+02
27,30,10,7.061494e+02
27,30,20,7.034510e+02
27,30,30,6.811270e+02
27,30,40,6.662145e+02
27,30,50,6.648779e+02
27,30,60,6.636310e+02
27,30,70,6.629422e+02
27,30,80,6.619890e+02
27,30,90,6.597483e+02
27,30,100,6.590121e+02
27,30,1,2.391684e+03
27,30,2,1.159054e+03
27,30,3,8.618544e+02
27,30,5,7.229207e+02
27,30,10,6.770300e+02
27,30,20,6.574292e+02
27,30,30,6.560949e+02
27,30,40,6.553748e+02
27,30,50,6.548135e+02
27,30,60,6.544484e+02
27,30,70,6.530491e+02
27,30,80,6.525031e+02
27,30,90,6.520088e+02
27,30,100,6.516001e+02
27,30,1,1.594354e+03
27,30,2,1.254313e+03
27,30,3,6.818021e+02
27,30,5,6.587488e+02
27,30,10,6.349415e+02
27,30,20,6.002654e+02
27,30,30,5.995938e+02
27,30,40,5.992038e+02
27,30,50,5.984697e+02
27,30,60,5.981534e+02
27,30,70,5.979565e+02
27,30,80,5.973449e+02
27,30,90,5.968292e+02
27,30,100,5.963371e+02
27,30,1,2.345351e+03
27,30,2,1.325717e+03
27,30,3,9.499048e+02
27,30,5,7.588811e+02
27,30,10,6.665428e+02
27,30,20,6.417348e+02
27,30,30,6.395874e+02
27,30,40,6.387966e+02
27,30,50,6.382555e+02
27,30,60,6.370025e+02
27,30,70,6.364726e+02
27,30,80,6.340446e+02
27,30,90,6.336686e+02
27,30,100,6.331512e+02
27,30,1,1.463517e+03
27,30,2,1.277814e+03
27,30,3,1.021031e+03
27,30,5,7.538916e+02
27,30,10,6.865575e+02
27,30,20,6.528728e+02
27,30,30,6.458697e+02
27,30,40,6.446533e+02
27,30,50,6.441788e+02
27,30,60,6.436818e+02
27,30,70,6.431550e+02
27,30,80,6.427390e+02
27,30,90,6.419897e+02
27,30,100,6.404374e+02
27,30,1,2.302464e+03
27,30,2,1.192896e+03
27,30,3,8.396593e+02
27,30,5,7.035907e+02
27,30,10,6.262636e+02
27,30,20,6.205923e+02
27,30,30,6.179488e+02
27,30,40,6.171839e+02
27,30,50,6.169148e+02
27,30,60,6.164252e+02
27,30,70,6.151556e+02
27,30,80,6.142613e+02
27,30,90,6.134767e+02
27,30,100,6.128524e+02
27,30,1,1.308451e+03
27,30,2,8.183814e+02
27,30,3,8.181490e+02
27,30,5,7.094922e+02
27,30,10,6.779458e+02
27,30,20,6.350876e+02
27,30,30,6.347869e+02
27,30,40,6.343674e+02
27,30,50,6.339999e+02
27,30,60,6.334818e+02
27,30,70,6.325867e+02
27,30,80,6.322620e+02
27,30,90,6.312818e+02
27,30,100,6.306426e+02
27,30,1,1.498881e+03
27,30,2,1.102084e+03
27,30,3,9.821393e+02
27,30,5,6.940214e+02
27,30,10,6.736266e+02
27,30,20,6.438579e+02
27,30,30,6.418030e+02
27,30,40,6.402209e+02
27,30,50,6.389561e+02
27,30,60,6.372789e+02
27,30,70,6.357200e+02
27,30,80,6.336145e+02
27,30,90,6.327614e+02
27,30,100,6.297977e+02
27,30,1,2.246992e+03
27,30,2,1.125454e+03
27,30,3,7.324998e+02
27,30,5,7.044554e+02
27,30,10,6.887659e+02
27,30,20,6.269670e+02
27,30,30,6.232294e+02
27,30,40,6.211240e+02
27,30,50,6.202080e+02
27,30,60,6.172290e+02
27,30,70,6.165814e+02
27,30,80,6.152433e+02
27,30,90,6.137394e+02
27,30,100,6.129088e+02
27,30,1,2.011576e+03
27,30,2,1.329941e+03
27,30,3,9.372272e+02
27,30,5,6.909077e+02
27,30,10,6.582801e+02
27,30,20,6.296528e+02
27,30,30,6.257199e+02
27,30,40,6.251572e+02
27,30,50,6.240135e+02
27,30,60,6.225612e+02
27,30,70,6.214384e+02
27,30,80,6.199722e+02
27,30,90,6.188334e+02
27,30,100,6.180727e+02
27,30,1,2.030861e+03
27,30,2,1.118616e+03
27,30,3,8.459216e+02
27,30,5,7.020369e+02
27,30,10,6.737149e+02
27,30,20,6.285641e+02
27,30,30,6.275482e+02
27,30,40,6.265761e+02
27,30,50,6.262181e+02
27,30,60,6.254615e+02
27,30,70,6.210582e+02
27,30,80,6.203322e+02
27,30,90,6.194450e+02
27,30,100,6.187333e+02
27,30,1,2.192385e+03
27,30,2,1.290927e+03
27,30,3,9.107317e+02
27,30,5,6.150735e+02
27,30,10,6.101313e+02
27,30,20,6.092436e+02
27,30,30,6.084818e+02
27,30,40,6.058118e+02
27,30,50,6.054545e+02
27,30,60,6.047759e+02
27,30,70,6.040922e+02
27,30,80,6.035856e+02
27,30,90,6.028970e+02
27,30,100,6.021303e+02
27,30,1,1.349729e+03
27,30,2,1.036424e+03
27,30,3,9.007803e+02
27,30,5,7.847177e+02
27,30,10,6.552977e+02
27,30,20,6.432218e+02
27,30,30,6.408343e+02
27,30,40,6.379922e+02
27,30,50,6.369488e+02
27,30,60,6.353090e+02
27,30,70,6.345843e+02
27,30,80,6.324693e+02
27,30,90,6.316076e+02
27,30,100,6.307906e+02
27,30,1,1.761413e+03
27,30,2,1.251975e+03
27,30,3,1.028123e+03
27,30,5,7.641482e+02
27,30,10,6.533531e+02
27,30,20,6.461741e+02
27,30,30,6.455175e+02
27,30,40,6.451297e+02
27,30,50,6.446015e+02
27,30,60,6.439607e+02
27,30,70,6.436723e+02
27,30,80,6.432776e+02
27,30,90,6.429646e+02
27,30,100,6.421958e+02
27,30,1,2.328967e+03
27,30,2,9.455183e+02
27,30,3,7.724733e+02
27,30,5,6.468891e+02
27,30,10,6.151875e+02
27,30,20,6.123362e+02
27,30,30,6.112792e+02
27,30,40,6.107577e+02
27,30,50,6.093453e+02
27,30,60,6.078956e+02
27,30,70,6.067257e+02
27,30,80,6.062994e+02
27,30,90,6.055169e+02
27,30,100,6.044243e+02
27,30,1,1.539729e+03
27,30,2,9.562944e+02
27,30,3,8.412607e+02
27,30,5,7.408436e+02
27,30,10,6.373794e+02
27,30,20,6.045016e+02
27,30,30,5.999478e+02
27,30,40,5.986709e+02
27,30,50,5.977174e+02
27,30,60,5.955818e+02
27,30,70,5.949064e+02
27,30,80,5.944834e+02
27,30,90,5.937627e+02
27,30,100,5.930697e+02
27,30,1,1.768044e+03
27,30,2,9.743197e+02
27,30,3,9.138941e+02
27,30,5,6.564619e+02
27,30,10,6.282547e+02
27,30,20,6.000196e+02
27,30,30,5.980464e+02
27,30,40,5.976670e+02
27,30,50,5.970547e+02
27,30,60,5.961126e+02
27,30,70,5.956067e+02
27,30,80,5.948793e+02
27,30,90,5.942064e+02
27,30,100,5.929434e+02
27,30,1,1.351144e+03
27,30,2,7.340856e+02
27,30,3,7.337167e+02
27,30,5,7.306193e+02
27,30,10,6.688258e+02
27,30,20,6.606033e+02
27,30,30,6.597914e+02
27,30,40,6.595634e+02
27,30,50,6.592873e+02
27,30,60,6.590031e+02
27,30,70,6.580433e+02
27,30,80,6.576963e+02
27,30,90,6.573800e+02
27,30,100,6.572006e+02
27,30,1,1.278864e+03
27,30,2,1.109590e+03
27,30,3,7.930349e+02
27,30,5,6.419452e+02
27,30,10,6.141338e+02
27,30,20,6.087937e+02
27,30,30,6.078015e+02
27,30,40,6.070770e+02
27,30,50,6.067671e+02
27,30,60,6.065790e+02
27,30,70,6.059470e+02
27,30,80,6.055612e+02
27,30,90,6.046394e+02
27,30,100,6.040762e+02
27,30,1,1.099315e+03
27,30,2,1.027560e+03
27,30,3,8.541792e+02
27,30,5,6.991319e+02
27,30,10,6.619418e+02
27,30,20,6.605746e+02
27,30,30,6.592729e+02
27,30,40,6.588452e+02
27,30,50,6.578425e+02
27,30,60,6.572679e+02
27,30,70,6.567131e+02
27,30,80,6.562721e+02
27,30,90,6.559261e+02
27,30,100,6.551837e+02
27,30,1,1.438707e+03
27,30,2,1.037676e+03
27,30,3,8.434263e+02
27,30,5,7.235666e+02
27,30,10,6.083032e+02
27,30,20,5.679406e+02
27,30,30,5.670670e+02
27,30,40,5.664107e+02
27,30,50,5.661889e+02
27,30,60,5.650257e+02
27,30,70,5.644711e+02
27,30,80,5.634026e+02
27,30,90,5.629363e+02
27,30,100,5.622444e+02
27,30,1,1.530991e+03
27,30,2,1.057937e+03
27,30,3,9.220401e+02
27,30,5,6.706310e+02
27,30,10,6.529537e+02
27,30,20,6.485649e+02
27,30,30,6.471599e+02
27,30,40,6.465000e+02
27,30,50,6.451679e+02
27,30,60,6.441435e+02
27,30,70,6.431053e+02
27,30,80,6.421222e+02
27,30,90,6.407096e+02
27,30,100,6.395018e+02
27,30,1,1.817193e+03
27,30,2,9.536764e+02
27,30,3,9.068219e+02
27,30,5,7.280038e+02
27,30,10,6.507300e+02
27,30,20,5.955330e+02
27,30,30,5.951638e+02
27,30,40,5.949499e+02
27,30,50,5.945674e+02
27,30,60,5.944485e+02
27,30,70,5.940659e+02
27,30,80,5.939579e+02
27,30,90,5.937828e+02
27,30,100,5.937294e+02
27,30,1,1.007695e+03
27,30,2,7.809113e+02
27,30,3,7.695203e+02
27,30,5,6.673448e+02
27,30,10,6.597983e+02
27,30,20,6.510775e+02
27,30,30,6.494433e+02
27,30,40,6.484173e+02
27,30,50,6.474993e+02
27,30,60,6.470706e+02
27,30,70,6.462117e+02
27,30,80,6.454233e+02
27,30,90,6.444812e+02
27,30,100,6.439495e+02
27,30,1,1.611776e+03
27,30,2,1.010587e+03
27,30,3,7.354640e+02
27,30,5,6.251899e+02
27,30,10,6.180269e+02
27,30,20,6.103165e+02
27,30,30,6.064012e+02
27,30,40,6.050482e+02
27,30,50,6.038518e+02
27,30,60,6.031676e+02
27,30,70,6.022245e+02
27,30,80,6.011627e+02
27,30,90,6.006139e+02
27,30,100,5.996502e+02
27,30,1,1.900528e+03
27,30,2,1.365810e+03
27,30,3,1.208481e+03
27,30,5,7.451143e+02
27,30,10,6.543842e+02
27,30,20,6.375113e+02
27,30,30,6.368011e+02
27,30,40,6.363050e+02
27,30,50,6.357530e+02
27,30,60,6.349465e+02
27,30,70,6.339523e+02
27,30,80,6.331645e+02
27,30,90,6.323450e+02
27,30,100,6.309300e+02
27,30,1,1.078094e+03
27,30,2,1.057567e+03
27,30,3,8.973611e+02
27,30,5,6.861392e+02
27,30,10,6.704333e+02
27,30,20,6.172231e+02
27,30,30,6.159228e+02
27,30,40,6.154630e+02
27,30,50,6.151446e+02
27,30,60,6.148973e+02
27,30,70,6.147498e+02
27,30,80,6.142628e+02
27,30,90,6.140887e+02
27,30,100,6.137990e+02
27,30,1,1.515803e+03
27,30,2,1.003675e+03
27,30,3,9.959907e+02
27,30,5,6.953324e+02
27,30,10,6.258966e+02
27,30,20,6.147416e+02
27,30,30,6.143946e+02
27,30,40,6.139832e+02
27,30,50,6.133728e+02
27,30,60,6.127535e+02
27,30,70,6.120679e+02
27,30,80,6.115858e+02
27,30,90,6.109320e+02
27,30,100,6.102369e+02
27,30,1,1.231221e+03
27,30,2,1.170640e+03
27,30,3,9.184767e+02
27,30,5,7.960293e+02
27,30,10,6.524437e+02
27,30,20,6.345207e+02
27,30,30,6.331244e+02
27,30,40,6.321982e+02
27,30,50,6.312642e+02
27,30,60,6.302845e+02
27,30,70,6.295164e+02
27,30,80,6.283764e+02
27,30,90,6.274950e+02
27,30,100,6.258001e+02
