funcid,dim,milestone,error
19,30,1,1.398787e+09
19,30,2,4.669159e+08
19,30,3,1.145042e+08
19,30,5,5.812379e+07
19,30,10,2.020835e+07
19,30,20,7.947609e+06
19,30,30,2.429182e+06
19,30,40,1.523631e+06
19,30,50,5.888383e+05
19,30,60,3.449595e+05
19,30,70,3.108912e+05
19,30,80,2.849564e+05
19,30,90,2.639728e+05
19,30,100,1.786041e+05
19,30,1,2.123709e+09
19,30,2,3.114260e+08
19,30,3,2.418491e+08
19,30,5,5.880966e+07
19,30,10,1.714376e+07
19,30,20,7.382373e+06
19,30,30,1.558502e+06
19,30,40,9.556816e+05
19,30,50,6.851185e+05
19,30,60,6.485802e+05
19,30,70,6.372244e+05
19,30,80,4.981828e+05
19,30,90,3.806611e+05
19,30,100,3.680586e+05
19,30,1,3.042172e+09
19,30,2,1.310433e+08
19,30,3,3.633877e+07
19,30,5,1.630867e+07
19,30,10,7.700121e+06
19,30,20,2.396051e+06
19,30,30,1.500755e+06
19,30,40,6.495735e+05
19,30,50,3.743074e+05
19,30,60,2.983520e+05
19,30,70,2.705368e+05
19,30,80,2.629321e+05
19,30,90,2.605444e+05
19,30,100,2.581857e+05
19,30,1,1.974203e+09
19,30,2,4.305972e+08
19,30,3,1.972309e+08
19,30,5,6.489878e+07
19,30,10,1.651951e+07
19,30,20,1.460915e+06
19,30,30,6.449822e+05
19,30,40,3.237780e+05
19,30,50,6.755117e+04
19,30,60,3.359402e+04
19,30,70,1.801284e+04
19,30,80,1.774071e+04
19,30,90,1.772418e+04
19,30,100,1.772389e+04
19,30,1,4.930860e+08
19,30,2,3.783994e+08
19,30,3,7.681068e+07
19,30,5,2.479042e+07
19,30,10,1.918204e+07
19,30,20,1.024037e+06
19,30,30,7.331413e+05
19,30,40,5.378923e+05
19,30,50,3.023260e+05
19,30,60,2.475407e+05
19,30,70,2.349980e+05
19,30,80,1.692386e+05
19,30,90,1.108258e+05
19,30,100,1.031032e+05
19,30,1,1.130165e+09
19,30,2,3.683970e+08
19,30,3,4.349572e+07
19,30,5,5.573843e+06
19,30,10,3.676393e+06
19,30,20,1.209964e+06
19,30,30,9.666239e+05
19,30,40,6.279218e+05
19,30,50,3.295126e+05
19,30,60,2.543044e+05
19,30,70,2.417177e+05
19,30,80,2.396123e+05
19,30,90,2.361952e+05
19,30,100,2.327114e+05
19,30,1,1.955026e+09
19,30,2,2.328060e+08
19,30,3,9.705057e+07
19,30,5,1.526152e+07
19,30,10,8.521729e+06
19,30,20,1.825455e+06
19,30,30,1.089264e+06
19,30,40,6.597638e+05
19,30,50,5.066288e+05
19,30,60,3.662609e+05
19,30,70,2.848757e+05
19,30,80,2.455623e+05
19,30,90,2.285939e+05
19,30,100,2.265614e+05
19,30,1,5.134859e+08
19,30,2,2.255334e+08
19,30,3,1.975195e+08
19,30,5,3.381344e+07
19,30,10,6.546019e+06
19,30,20,9.036003e+05
19,30,30,7.276786e+05
19,30,40,6.802647e+05
19,30,50,6.450804e+05
19,30,60,6.325231e+05
19,30,70,6.226242e+05
19,30,80,6.193651e+05
19,30,90,6.061992e+05
19,30,100,5.928910e+05
19,30,1,8.770585e+08
19,30,2,2.585560e+08
19,30,3,1.664645e+08
19,30,5,2.509277e+07
19,30,10,2.268033e+06
19,30,20,1.907040e+06
19,30,30,5.424484e+05
19,30,40,5.050356e+05
19,30,50,4.868940e+05
19,30,60,4.709030e+05
19,30,70,4.669229e+05
19,30,80,4.619368e+05
19,30,90,4.579818e+05
19,30,100,4.470945e+05
19,30,1,6.044322e+08
19,30,2,6.461034e+07
19,30,3,3.317979e+07
19,30,5,2.986920e+07
19,30,10,7.539556e+06
19,30,20,5.035540e+06
19,30,30,2.680698e+06
19,30,40,1.120470e+06
19,30,50,4.331821e+05
19,30,60,1.090534e+05
19,30,70,2.007729e+04
19,30,80,1.779016e+04
19,30,90,1.759876e+04
19,30,100,1.726936e+04
19,30,1,2.879750e+08
19,30,2,2.747782e+08
19,30,3,5.571954e+07
19,30,5,2.058392e+07
19,30,10,5.826973e+06
19,30,20,3.162644e+06
19,30,30,1.135166e+06
19,30,40,5.091716e+05
19,30,50,2.284127e+05
19,30,60,1.224398e+05
19,30,70,2.509903e+04
19,30,80,4.961211e+03
19,30,90,4.758784e+03
19,30,100,4.758784e+03
19,30,1,6.949822e+08
19,30,2,3.261528e+08
19,30,3,1.572309e+08
19,30,5,1.274643e+08
19,30,10,2.388179e+07
19,30,20,1.908611e+06
19,30,30,1.564646e+06
19,30,40,1.265928e+06
19,30,50,1.140743e+06
19,30,60,7.454229e+05
19,30,70,6.925845e+05
19,30,80,6.717151e+05
19,30,90,6.637593e+05
19,30,100,6.589151e+05
19,30,1,4.431835e+08
19,30,2,4.349427e+08
19,30,3,2.823301e+08
19,30,5,1.756376e+07
19,30,10,8.002821e+06
19,30,20,1.576543e+06
19,30,30,8.586693e+05
19,30,40,4.999809e+05
19,30,50,3.173372e+05
19,30,60,2.159101e+05
19,30,70,9.355107e+04
19,30,80,8.429101e+04
19,30,90,8.378344e+04
19,30,100,8.356740e+04
19,30,1,1.089221e+09
19,30,2,1.675362e+08
19,30,3,1.212751e+08
19,30,5,1.150073e+08
19,30,10,9.975611e+06
19,30,20,1.991849e+06
19,30,30,8.573784e+05
19,30,40,4.708624e+05
19,30,50,2.019714e+05
19,30,60,1.787739e+05
19,30,70,1.769045e+05
19,30,80,1.753694e+05
19,30,90,1.732505e+05
19,30,100,1.421472e+05
19,30,1,2.023697e+09
19,30,2,3.533266e+08
19,30,3,3.532215e+07
19,30,5,3.390593e+07
19,30,10,7.439027e+06
19,30,20,3.288941e+06
19,30,30,2.468151e+06
19,30,40,1.821200e+06
19,30,50,1.207189e+06
19,30,60,3.813563e+05
19,30,70,3.466636e+05
19,30,80,3.427037e+05
19,30,90,2.534329e+05
19,30,100,7.553339e+04
19,30,1,8.801177e+08
19,30,2,8.285359e+08
19,30,3,2.631312e+08
19,30,5,2.533661e+07
19,30,10,1.174574e+07
19,30,20,8.930845e+06
19,30,30,3.593916e+06
19,30,40,1.464827e+06
19,30,50,8.810238e+05
19,30,60,9.463387e+04
19,30,70,1.513505e+04
19,30,80,4.700656e+03
19,30,90,3.822989e+03
19,30,100,3.619445e+03
19,30,1,5.552052e+08
19,30,2,2.217384e+08
19,30,3,1.216821e+08
19,30,5,5.383126e+07
19,30,10,7.216251e+06
19,30,20,2.118314e+06
19,30,30,1.217160e+06
19,30,40,6.011461e+05
19,30,50,4.656645e+05
19,30,60,2.880408e+05
19,30,70,1.276071e+05
19,30,80,1.034620e+05
19,30,90,9.766240e+04
19,30,100,9.220659e+04
19,30,1,1.291458e+09
19,30,2,4.865050e+08
19,30,3,1.101291e+08
19,30,5,1.578893e+07
19,30,10,6.264134e+06
19,30,20,4.795877e+06
19,30,30,1.550038e+06
19,30,40,9.381257e+05
19,30,50,7.157749e+05
19,30,60,5.711298e+05
19,30,70,4.328092e+05
19,30,80,2.445732e+05
19,30,90,5.489088e+04
19,30,100,1.930854e+04
19,30,1,1.166392e+09
19,30,2,1.923169e+08
19,30,3,1.536050e+08
19,30,5,6.360828e+07
19,30,10,1.280697e+07
19,30,20,1.008013e+06
19,30,30,7.751615e+05
19,30,40,6.840994e+05
19,30,50,4.509653e+05
19,30,60,3.953377e+05
19,30,70,3.906950e+05
19,30,80,3.791548e+05
19,30,90,3.675391e+05
19,30,100,2.900616e+05
19,30,1,3.643107e+08
19,30,2,3.575139e+08
19,30,3,1.333548e+08
19,30,5,2.037953e+07
19,30,10,9.266823e+06
19,30,20,4.878412e+06
19,30,30,3.885956e+06
19,30,40,1.819312e+06
19,30,50,1.169019e+06
19,30,60,7.813479e+05
19,30,70,5.684931e+05
19,30,80,4.253550e+05
19,30,90,3.255199e+05
19,30,100,2.205811e+05
19,30,1,6.806140e+08
19,30,2,2.574026e+08
19,30,3,2.225210e+08
19,30,5,8.628073e+07
19,30,10,1.215699e+07
19,30,20,2.576249e+06
19,30,30,1.017649e+06
19,30,40,5.539224e+05
19,30,50,1.718388e+05
19,30,60,1.015554e+05
19,30,70,6.850912e+04
19,30,80,6.722594e+04
19,30,90,6.648821e+04
19,30,100,6.606730e+04
19,30,1,1.740310e+09
19,30,2,4.500953e+08
19,30,3,2.549877e+08
19,30,5,1.240411e+08
19,30,10,2.207215e+07
19,30,20,4.517764e+06
19,30,30,2.190408e+06
19,30,40,6.772513e+05
19,30,50,4.248192e+05
19,30,60,3.006955e+05
19,30,70,2.792950e+05
19,30,80,2.716235e+05
19,30,90,2.694917e+05
19,30,100,2.676012e+05
19,30,1,6.829792e+08
19,30,2,1.811381e+08
19,30,3,3.682047e+07
19,30,5,4.802352e+06
19,30,10,4.069981e+06
19,30,20,2.327493e+06
19,30,30,1.724018e+06
19,30,40,1.116679e+06
19,30,50,7.339983e+05
19,30,60,3.675665e+05
19,30,70,2.483421e+05
19,30,80,1.333796e+05
19,30,90,4.138576e+04
19,30,100,3.972779e+04
19,30,1,7.963769e+08
19,30,2,2.636352e+08
19,30,3,1.759150e+08
19,30,5,3.727361e+07
19,30,10,3.620262e+06
19,30,20,2.841239e+05
19,30,30,1.034384e+05
19,30,40,5.835259e+04
19,30,50,4.216094e+04
19,30,60,4.209747e+04
19,30,70,4.209034e+04
19,30,80,4.209034e+04
19,30,90,4.209034e+04
19,30,100,4.209026e+04
19,30,1,2.042513e+09
19,30,2,1.436370e+09
19,30,3,1.206293e+08
19,30,5,1.038205e+08
19,30,10,3.449863e+06
19,30,20,1.285707e+06
19,30,30,1.023614e+06
19,30,40,3.896632e+05
19,30,50,2.642702e+05
19,30,60,2.211045e+05
19,30,70,1.872418e+05
19,30,80,1.810688e+05
19,30,90,1.750507e+05
19,30,100,1.744743e+05
19,30,1,1.309374e+09
19,30,2,2.694417e+08
19,30,3,1.916035e+08
19,30,5,3.715245e+07
19,30,10,5.239962e+06
19,30,20,2.622158e+06
19,30,30,2.108088e+06
19,30,40,1.487279e+06
19,30,50,8.216258e+05
19,30,60,4.928629e+05
19,30,70,1.836332e+05
19,30,80,1.109276e+05
19,30,90,3.100557e+04
19,30,100,6.065490e+03
19,30,1,3.789565e+08
19,30,2,3.243843e+08
19,30,3,2.744752e+07
19,30,5,2.025720e+07
19,30,10,7.402356e+06
19,30,20,2.613311e+06
19,30,30,1.590776e+06
19,30,40,1.078125e+06
19,30,50,8.031673e+05
19,30,60,5.385662e+05
19,30,70,2.958484e+05
19,30,80,1.668133e+05
19,30,90,9.905505e+04
19,30,100,9.635312e+04
19,30,1,5.318089e+08
19,30,2,2.894378e+08
19,30,3,7.932508e+07
19,30,5,3.762531e+07
19,30,10,1.402038e+07
19,30,20,1.759995e+06
19,30,30,1.202904e+06
19,30,40,8.400377e+05
19,30,50,7.699368e+05
19,30,60,2.835529e+05
19,30,70,9.837880e+04
19,30,80,3.976593e+04
19,30,90,3.603632e+04
19,30,100,3.565468e+04
19,30,1,8.364494e+08
19,30,2,2.874782e+08
19,30,3,1.247413e+08
19,30,5,5.699422e+07
19,30,10,2.095278e+07
19,30,20,1.020599e+07
19,30,30,1.719657e+06
19,30,40,5.726256e+05
19,30,50,5.231001e+05
19,30,60,5.049593e+05
19,30,70,4.602062e+05
19,30,80,4.554790e+05
19,30,90,4.489328e+05
19,30,100,4.432764e+05
19,30,1,7.648999e+08
19,30,2,1.677366e+08
19,30,3,1.018785e+08
19,30,5,3.561858e+07
19,30,10,1.249745e+07
19,30,20,5.745079e+06
19,30,30,1.142383e+06
19,30,40,6.388894e+05
19,30,50,2.761343e+05
19,30,60,2.356033e+05
19,30,70,2.351801e+05
19,30,80,2.346177e+05
19,30,90,2.333072e+05
19,30,100,2.326628e+05
19,30,1,3.600701e+08
19,30,2,1.007077e+08
19,30,3,8.912888e+07
19,30,5,3.608417e+07
19,30,10,5.852621e+06
19,30,20,3.612718e+06
19,30,30,1.082282e+06
19,30,40,5.723939e+05
19,30,50,4.576735e+05
19,30,60,2.529134e+05
19,30,70,3.245522e+04
19,30,80,8.507531e+03
19,30,90,5.648246e+03
19,30,100,5.281049e+03
