funcid,dim,milestone,error
26,50,1,1.605476e+04
26,50,2,1.500513e+04
26,50,3,1.389071e+04
26,50,5,1.279032e+04
26,50,10,1.269486e+04
26,50,20,1.263287e+04
26,50,30,1.259700e+04
26,50,40,1.253437e+04
26,50,50,1.245966e+04
26,50,60,1.241474e+04
26,50,70,1.238030e+04
26,50,80,1.233670e+04
26,50,90,1.227494e+04
26,50,100,1.223891e+04
26,50,1,1.321657e+04
26,50,2,1.248544e+04
26,50,3,1.166790e+04
26,50,5,1.109360e+04
26,50,10,1.063248e+04
26,50,20,1.041495e+04
26,50,30,1.037344e+04
26,50,40,1.029157e+04
26,50,50,1.025741e+04
26,50,60,1.020789e+04
26,50,70,1.017337e+04
26,50,80,1.013052e+04
26,50,90,1.010216e+04
26,50,100,1.006162e+04
26,50,1,1.348971e+04
26,50,2,1.320459e+04
26,50,3,1.285678e+04
26,50,5,1.099788e+04
26,50,10,9.904267e+03
26,50,20,9.706040e+03
26,50,30,9.672439e+03
26,50,40,9.597231e+03
26,50,50,9.566804e+03
26,50,60,9.527194e+03
26,50,70,9.497773e+03
26,50,80,9.461024e+03
26,50,90,9.428348e+03
26,50,100,9.402779e+03
26,50,1,1.456180e+04
26,50,2,1.389632e+04
26,50,3,1.247987e+04
26,50,5,1.220063e+04
26,50,10,1.170945e+04
26,50,20,1.162384e+04
26,50,30,1.154414e+04
26,50,40,1.083426e+04
26,50,50,1.079047e+04
26,50,60,1.072600e+04
26,50,70,1.067540e+04
26,50,80,1.060513e+04
26,50,90,1.053150e+04
26,50,100,1.049150e+04
26,50,1,1.521324e+04
26,50,2,1.355673e+04
26,50,3,1.268933e+04
26,50,5,9.621627e+03
26,50,10,9.287365e+03
26,50,20,9.141124e+03
26,50,30,9.083767e+03
26,50,40,9.043359e+03
26,50,50,8.984136e+03
26,50,60,8.958608e+03
26,50,70,8.916844e+03
26,50,80,8.865944e+03
26,50,90,8.804248e+03
26,50,100,8.767651e+03
26,50,1,1.595095e+04
26,50,2,1.436185e+04
26,50,3,1.371093e+04
26,50,5,1.251461e+04
26,50,10,1.136124e+04
26,50,20,1.034881e+04
26,50,30,1.029675e+04
26,50,40,1.021141e+04
26,50,50,1.015421e+04
26,50,60,1.010052e+04
26,50,70,1.004058e+04
26,50,80,9.913683e+03
26,50,90,9.838884e+03
26,50,100,9.772834e+03
26,50,1,1.535952e+04
26,50,2,1.378358e+04
26,50,3,1.282667e+04
26,50,5,1.122130e+04
26,50,10,9.578665e+03
26,50,20,8.879364e+03
26,50,30,8.818827e+03
26,50,40,8.764699e+03
26,50,50,8.720858e+03
26,50,60,8.689247e+03
26,50,70,8.616990e+03
26,50,80,8.556445e+03
26,50,90,8.528600e+03
26,50,100,8.480661e+03
26,50,1,1.470460e+04
26,50,2,1.216012e+04
26,50,3,1.110270e+04
26,50,5,1.019675e+04
26,50,10,9.641683e+03
26,50,20,9.269897e+03
26,50,30,9.199368e+03
26,50,40,9.164933e+03
26,50,50,9.096080e+03
26,50,60,9.060017e+03
26,50,70,9.006929e+03
26,50,80,8.927416e+03
26,50,90,8.878424e+03
26,50,100,8.828743e+03
26,50,1,1.502839e+04
26,50,2,1.369792e+04
26,50,3,1.283201e+04
26,50,5,1.219168e+04
26,50,10,1.022696e+04
26,50,20,8.769320e+03
26,50,30,8.145206e+03
26,50,40,8.050172e+03
26,50,50,7.977242e+03
26,50,60,7.930792e+03
26,50,70,7.908395e+03
26,50,80,7.867195e+03
26,50,90,7.836859e+03
26,50,100,7.796921e+03
26,50,1,1.463935e+04
26,50,2,1.259693e+04
26,50,3,1.147058e+04
26,50,5,1.004894e+04
26,50,10,9.499297e+03
26,50,20,8.528044e+03
26,50,30,8.451791e+03
26,50,40,8.363199e+03
26,50,50,8.286983e+03
26,50,60,8.250567e+03
26,50,70,8.218685e+03
26,50,80,8.187731e+03
26,50,90,8.152771e+03
26,50,100,8.114533e+03
26,50,1,1.422270e+04
26,50,2,1.249966e+04
26,50,3,1.209123e+04
26,50,5,1.031240e+04
26,50,10,8.303481e+03
26,50,20,7.763007e+03
26,50,30,7.514561e+03
26,50,40,7.472580e+03
26,50,50,7.369698e+03
26,50,60,7.313663e+03
26,50,70,7.252791e+03
26,50,80,7.195104e+03
26,50,90,7.144317e+03
26,50,100,7.107416e+03
26,50,1,1.435223e+04
26,50,2,1.345560e+04
26,50,3,1.249534e+04
26,50,5,1.090312e+04
26,50,10,9.421648e+03
26,50,20,5.884721e+03
26,50,30,5.847782e+03
26,50,40,5.809259e+03
26,50,50,5.781454e+03
26,50,60,5.732710e+03
26,50,70,5.710193e+03
26,50,80,5.669262e+03
26,50,90,5.641350e+03
26,50,100,5.617855e+03
26,50,1,1.561528e+04
26,50,2,1.436796e+04
26,50,3,1.324113e+04
26,50,5,1.226363e+04
26,50,10,1.193724e+04
26,50,20,1.092788e+04
26,50,30,1.088077e+04
26,50,40,1.081375e+04
26,50,50,1.074974e+04
26,50,60,1.069086e+04
26,50,70,1.064074e+04
26,50,80,1.060396e+04
26,50,90,1.057316e+04
26,50,100,1.054672e+04
26,50,1,1.497554e+04
26,50,2,1.284286e+04
26,50,3,1.189160e+04
26,50,5,1.018768e+04
26,50,10,9.046337e+03
26,50,20,7.807129e+03
26,50,30,7.742845e+03
26,50,40,7.696218e+03
26,50,50,7.615875e+03
26,50,60,7.578148e+03
26,50,70,7.452538e+03
26,50,80,7.396411e+03
26,50,90,7.333342e+03
26,50,100,7.301245e+03
26,50,1,1.529106e+04
26,50,2,1.417599e+04
26,50,3,1.184389e+04
26,50,5,9.986669e+03
26,50,10,9.415397e+03
26,50,20,8.193971e+03
26,50,30,7.488954e+03
26,50,40,7.436663e+03
26,50,50,7.384958e+03
26,50,60,7.346807e+03
26,50,70,7.295156e+03
26,50,80,7.266172e+03
26,50,90,7.215508e+03
26,50,100,7.176726e+03
26,50,1,1.523134e+04
26,50,2,1.207113e+04
26,50,3,1.158274e+04
26,50,5,9.466445e+03
26,50,10,9.272787e+03
26,50,20,9.154752e+03
26,50,30,9.115933e+03
26,50,40,9.081599e+03
26,50,50,9.025691e+03
26,50,60,8.930021e+03
26,50,70,8.833008e+03
26,50,80,8.726320e+03
26,50,90,8.683675e+03
26,50,100,8.635524e+03
26,50,1,1.595914e+04
26,50,2,1.481671e+04
26,50,3,1.381261e+04
26,50,5,1.345596e+04
26,50,10,1.177174e+04
26,50,20,1.143965e+04
26,50,30,1.137442e+04
26,50,40,1.135562e+04
26,50,50,1.131961e+04
26,50,60,1.123027e+04
26,50,70,1.115827e+04
26,50,80,1.109583e+04
26,50,90,1.104285e+04
26,50,100,1.098946e+04
26,50,1,1.522484e+04
26,50,2,1.364342e+04
26,50,3,1.234382e+04
26,50,5,9.714147e+03
26,50,10,8.321111e+03
26,50,20,8.089824e+03
26,50,30,8.030566e+03
26,50,40,7.985169e+03
26,50,50,7.947449e+03
26,50,60,7.890369e+03
26,50,70,7.836783e+03
26,50,80,7.791243e+03
26,50,90,7.749602e+03
26,50,100,7.713492e+03
26,50,1,1.562462e+04
26,50,2,1.416546e+04
26,50,3,1.371126e+04
26,50,5,1.263436e+04
26,50,10,1.176309e+04
26,50,20,1.055668e+04
26,50,30,1.028493e+04
26,50,40,1.020559e+04
26,50,50,1.008149e+04
26,50,60,1.000715e+04
26,50,70,9.945835e+03
26,50,80,9.866457e+03
26,50,90,9.803292e+03
26,50,100,9.759929e+03
26,50,1,1.385858e+04
26,50,2,1.270513e+04
26,50,3,1.263858e+04
26,50,5,1.141300e+04
26,50,10,1.036304e+04
26,50,20,1.001660e+04
26,50,30,9.946356e+03
26,50,40,9.902036e+03
26,50,50,9.836134e+03
26,50,60,9.771186e+03
26,50,70,9.714184e+03
26,50,80,9.669275e+03
26,50,90,9.587934e+03
26,50,100,9.534281e+03
26,50,1,1.452591e+04
26,50,2,1.054737e+04
26,50,3,9.121750e+03
26,50,5,8.497319e+03
26,50,10,8.287159e+03
26,50,20,8.182073e+03
26,50,30,8.113881e+03
26,50,40,8.057940e+03
26,50,50,8.020695e+03
26,50,60,7.966656e+03
26,50,70,7.902439e+03
26,50,80,7.884293e+03
26,50,90,7.863564e+03
26,50,100,7.827784e+03
26,50,1,1.623033e+04
26,50,2,1.462144e+04
26,50,3,1.368589e+04
26,50,5,1.293963e+04
26,50,10,1.196889e+04
26,50,20,1.083379e+04
26,50,30,1.038643e+04
26,50,40,1.030805e+04
26,50,50,1.026072e+04
26,50,60,1.022537e+04
26,50,70,1.017730e+04
26,50,80,1.014857e+04
26,50,90,1.010377e+04
26,50,100,1.006285e+04
26,50,1,1.451333e+04
26,50,2,1.270371e+04
26,50,3,1.103226e+04
26,50,5,9.782203e+03
26,50,10,9.460457e+03
26,50,20,7.568316e+03
26,50,30,7.523237e+03
26,50,40,7.354786e+03
26,50,50,7.276197e+03
26,50,60,7.232470e+03
26,50,70,7.173658e+03
26,50,80,7.139180e+03
26,50,90,7.102752e+03
26,50,100,7.054002e+03
26,50,1,1.475158e+04
26,50,2,1.399960e+04
26,50,3,1.229974e+04
26,50,5,1.124969e+04
26,50,10,1.070882e+04
26,50,20,1.058235e+04
26,50,30,1.054959e+04
26,50,40,1.045820e+04
26,50,50,1.038353e+04
26,50,60,1.035342e+04
26,50,70,1.030164e+04
26,50,80,1.026016e+04
26,50,90,1.020377e+04
26,50,100,1.015545e+04
26,50,1,1.537236e+04
26,50,2,1.407397e+04
26,50,3,1.266856e+04
26,50,5,1.081142e+04
26,50,10,1.047775e+04
26,50,20,1.040376e+04
26,50,30,1.035779e+04
26,50,40,1.032718e+04
26,50,50,1.031052e+04
26,50,60,1.028245e+04
26,50,70,1.024646e+04
26,50,80,1.021282e+04
26,50,90,1.016341e+04
26,50,100,1.012867e+04
26,50,1,1.533581e+04
26,50,2,1.393948e+04
26,50,3,1.334766e+04
26,50,5,1.301673e+04
26,50,10,1.207918e+04
26,50,20,1.201638e+04
26,50,30,1.188362e+04
26,50,40,1.183453e+04
26,50,50,1.180284e+04
26,50,60,1.175317e+04
26,50,70,1.170842e+04
26,50,80,1.166943e+04
26,50,90,1.161847e+04
26,50,100,1.159153e+04
26,50,1,1.591618e+04
26,50,2,1.433864e+04
26,50,3,1.392889e+04
26,50,5,1.381730e+04
26,50,10,1.141038e+04
26,50,20,9.997801e+03
26,50,30,9.307830e+03
26,50,40,9.259049e+03
26,50,50,9.214600e+03
26,50,60,9.154358e+03
26,50,70,9.111734e+03
26,50,80,9.029092e+03
26,50,90,8.991492e+03
26,50,100,8.953188e+03
26,50,1,1.506124e+04
26,50,2,1.359374e+04
26,50,3,1.311081e+04
26,50,5,1.244617e+04
26,50,10,1.005449e+04
26,50,20,9.878234e+03
26,50,30,9.806137e+03
26,50,40,9.724014e+03
26,50,50,9.664216e+03
26,50,60,9.591117e+03
26,50,70,9.507922e+03
26,50,80,9.430585e+03
26,50,90,9.373432e+03
26,50,100,9.307506e+03
26,50,1,1.612257e+04
26,50,2,1.444006e+04
26,50,3,1.249917e+04
26,50,5,1.165611e+04
26,50,10,1.017876e+04
26,50,20,9.060653e+03
26,50,30,8.973158e+03
26,50,40,8.904877e+03
26,50,50,8.854127e+03
26,50,60,8.817459e+03
26,50,70,8.754918e+03
26,50,80,8.704813e+03
26,50,90,8.658639e+03
26,50,100,8.609117e+03
26,50,1,1.383866e+04
26,50,2,1.202471e+04
26,50,3,1.008711e+04
26,50,5,8.776827e+03
26,50,10,8.418985e+03
26,50,20,7.792717e+03
26,50,30,7.757932e+03
26,50,40,7.337779e+03
26,50,50,7.292459e+03
26,50,60,7.268762e+03
26,50,70,7.172851e+03
26,50,80,7.123600e+03
26,50,90,7.090258e+03
26,50,100,7.040971e+03
26,50,1,1.452448e+04
26,50,2,1.319473e+04
26,50,3,1.212953e+04
26,50,5,1.166622e+04
26,50,10,1.131218e+04
26,50,20,1.123276e+04
26,50,30,1.116215e+04
26,50,40,1.112347e+04
26,50,50,1.108655e+04
26,50,60,1.102770e+04
26,50,70,1.097593e+04
26,50,80,1.092815e+04
26,50,90,1.088299e+04
26,50,100,1.082741e+04
