funcid,dim,milestone,error
25,10,1,1.755148e+03
25,10,2,1.695483e+03
25,10,3,1.351387e+03
25,10,5,9.616854e+02
25,10,10,5.609770e+02
25,10,20,5.187348e+02
25,10,30,5.069479e+02
25,10,40,4.981918e+02
25,10,50,4.954748e+02
25,10,60,4.932908e+02
25,10,70,4.928410e+02
25,10,80,4.923350e+02
25,10,90,4.921154e+02
25,10,100,4.917256e+02
25,10,1,1.091683e+03
25,10,2,9.114125e+02
25,10,3,9.092835e+02
25,10,5,7.758887e+02
25,10,10,5.280934e+02
25,10,20,4.766200e+02
25,10,30,4.702772e+02
25,10,40,4.636510e+02
25,10,50,4.630093e+02
25,10,60,4.618937e+02
25,10,70,4.613240e+02
25,10,80,4.604303e+02
25,10,90,4.595437e+02
25,10,100,4.592979e+02
25,10,1,1.706844e+03
25,10,2,1.630162e+03
25,10,3,9.146337e+02
25,10,5,6.785663e+02
25,10,10,5.593794e+02
25,10,20,4.886481e+02
25,10,30,4.873055e+02
25,10,40,4.869185e+02
25,10,50,4.864824e+02
25,10,60,4.861209e+02
25,10,70,4.857565e+02
25,10,80,4.853102e+02
25,10,90,4.842904e+02
25,10,100,4.841572e+02
25,10,1,9.989716e+02
25,10,2,9.855585e+02
25,10,3,7.215925e+02
25,10,5,6.851424e+02
25,10,10,5.521755e+02
25,10,20,4.863303e+02
25,10,30,4.690123e+02
25,10,40,4.682981e+02
25,10,50,4.678358e+02
25,10,60,4.676979e+02
25,10,70,4.674981e+02
25,10,80,4.671215e+02
25,10,90,4.668646e+02
25,10,100,4.667812e+02
25,10,1,1.192491e+03
25,10,2,9.364095e+02
25,10,3,9.084059e+02
25,10,5,6.576307e+02
25,10,10,4.606743e+02
25,10,20,4.604850e+02
25,10,30,4.597417e+02
25,10,40,4.594187e+02
25,10,50,4.588727e+02
25,10,60,4.586142e+02
25,10,70,4.581959e+02
25,10,80,4.579129e+02
25,10,90,4.577480e+02
25,10,100,4.575198e+02
25,10,1,1.253931e+03
25,10,2,1.220854e+03
25,10,3,1.012137e+03
25,10,5,7.163058e+02
25,10,10,7.083381e+02
25,10,20,5.945356e+02
25,10,30,5.328900e+02
25,10,40,5.240527e+02
25,10,50,5.186873e+02
25,10,60,5.183030e+02
25,10,70,5.179472e+02
25,10,80,5.171396e+02
25,10,90,5.167111e+02
25,10,100,5.164611e+02
25,10,1,1.046852e+03
25,10,2,9.411714e+02
25,10,3,8.353698e+02
25,10,5,7.088738e+02
25,10,10,5.596203e+02
25,10,20,5.350221e+02
25,10,30,5.044150e+02
25,10,40,4.993924e+02
25,10,50,4.975464e+02
25,10,60,4.971724e+02
25,10,70,4.968196e+02
25,10,80,4.962561e+02
25,10,90,4.960461e+02
25,10,100,4.955466e+02
25,10,1,7.694576e+02
25,10,2,6.996417e+02
25,10,3,6.757844e+02
25,10,5,5.779161e+02
25,10,10,5.633585e+02
25,10,20,5.046235e+02
25,10,30,4.584957e+02
25,10,40,4.462180e+02
25,10,50,4.431248e+02
25,10,60,4.413979e+02
25,10,70,4.411161e+02
25,10,80,4.409793e+02
25,10,90,4.406049e+02
25,10,100,4.402994e+02
25,10,1,1.333336e+03
25,10,2,1.320011e+03
25,10,3,1.065926e+03
25,10,5,6.988882e+02
25,10,10,6.505060e+02
25,10,20,6.496055e+02
25,10,30,6.486761e+02
25,10,40,6.483100e+02
25,10,50,6.479627e+02
25,10,60,6.476637e+02
25,10,70,6.470810e+02
25,10,80,6.466959e+02
25,10,90,6.460926e+02
25,10,100,6.459214e+02
25,10,1,1.259077e+03
25,10,2,1.255144e+03
25,10,3,8.875721e+02
25,10,5,7.477451e+02
25,10,10,6.662657e+02
25,10,20,5.701169e+02
25,10,30,5.364008e+02
25,10,40,5.356537e+02
25,10,50,5.325075e+02
25,10,60,5.324344e+02
25,10,70,5.321875e+02
25,10,80,5.317609e+02
25,10,90,5.315227e+02
25,10,100,5.313009e+02
25,10,1,1.645791e+03
25,10,2,1.168921e+03
25,10,3,1.162284e+03
25,10,5,8.658205e+02
25,10,10,6.414866e+02
25,10,20,4.885829e+02
25,10,30,4.874030e+02
25,10,40,4.763318e+02
25,10,50,4.759130e+02
25,10,60,4.750445e+02
25,10,70,4.749961e+02
25,10,80,4.747659e+02
25,10,90,4.745801e+02
25,10,100,4.744486e+02
25,10,1,1.302348e+03
25,10,2,1.301117e+03
25,10,3,8.478056e+02
25,10,5,6.567846e+02
25,10,10,5.644814e+02
25,10,20,4.877783e+02
25,10,30,4.659463e+02
25,10,40,4.498809e+02
25,10,50,4.484291e+02
25,10,60,4.479564e+02
25,10,70,4.478104e+02
25,10,80,4.474830e+02
25,10,90,4.470567e+02
25,10,100,4.467565e+02
25,10,1,1.100259e+03
25,10,2,1.099245e+03
25,10,3,1.007202e+03
25,10,5,8.971835e+02
25,10,10,6.227024e+02
25,10,20,5.126130e+02
25,10,30,5.123009e+02
25,10,40,4.944701e+02
25,10,50,4.926892e+02
25,10,60,4.923392e+02
25,10,70,4.921258e+02
25,10,80,4.920531e+02
25,10,90,4.915236e+02
25,10,100,4.907344e+02
25,10,1,7.790106e+02
25,10,2,7.716035e+02
25,10,3,5.910757e+02
25,10,5,4.990384e+02
25,10,10,4.957012e+02
25,10,20,4.663596e+02
25,10,30,4.649758e+02
25,10,40,4.572342e+02
25,10,50,4.566412e+02
25,10,60,4.565912e+02
25,10,70,4.556317e+02
25,10,80,4.551193e+02
25,10,90,4.546427e+02
25,10,100,4.541622e+02
25,10,1,1.140481e+03
25,10,2,1.140395e+03
25,10,3,1.137066e+03
25,10,5,7.979944e+02
25,10,10,6.338285e+02
25,10,20,4.805080e+02
25,10,30,4.764468e+02
25,10,40,4.756747e+02
25,10,50,4.751117e+02
25,10,60,4.747405e+02
25,10,70,4.745136e+02
25,10,80,4.739150e+02
25,10,90,4.738457e+02
25,10,100,4.736400e+02
25,10,1,1.192408e+03
25,10,2,1.188735e+03
25,10,3,1.002452e+03
25,10,5,6.893014e+02
25,10,10,5.217337e+02
25,10,20,4.578026e+02
25,10,30,4.487759e+02
25,10,40,4.445148e+02
25,10,50,4.396048e+02
25,10,60,4.342919e+02
25,10,70,4.338130e+02
25,10,80,4.332333e+02
25,10,90,4.329457e+02
25,10,100,4.315354e+02
25,10,1,8.415488e+02
25,10,2,7.134522e+02
25,10,3,6.556123e+02
25,10,5,6.295067e+02
25,10,10,5.884062e+02
25,10,20,5.355913e+02
25,10,30,5.009884e+02
25,10,40,4.987622e+02
25,10,50,4.980742e+02
25,10,60,4.964868e+02
25,10,70,4.955567e+02
25,10,80,4.953242e+02
25,10,90,4.948042e+02
25,10,100,4.942154e+02
25,10,1,1.263661e+03
25,10,2,9.524154e+02
25,10,3,7.338105e+02
25,10,5,5.620138e+02
25,10,10,5.113240e+02
25,10,20,5.083262e+02
25,10,30,5.078904e+02
25,10,40,5.077785e+02
25,10,50,5.071767e+02
25,10,60,5.071156e+02
25,10,70,5.067085e+02
25,10,80,5.061134e+02
25,10,90,5.060078e+02
25,10,100,5.057269e+02
25,10,1,1.347258e+03
25,10,2,1.105425e+03
25,10,3,8.551143e+02
25,10,5,7.780205e+02
25,10,10,6.183073e+02
25,10,20,5.204077e+02
25,10,30,4.888423e+02
25,10,40,4.556895e+02
25,10,50,4.547688e+02
25,10,60,4.540352e+02
25,10,70,4.536303e+02
25,10,80,4.534110e+02
25,10,90,4.532150e+02
25,10,100,4.530438e+02
25,10,1,1.001063e+03
25,10,2,9.961285e+02
25,10,3,9.860708e+02
25,10,5,8.968277e+02
25,10,10,5.408479e+02
25,10,20,5.075261e+02
25,10,30,4.930732e+02
25,10,40,4.895303e+02
25,10,50,4.677309e+02
25,10,60,4.663290e+02
25,10,70,4.660542e+02
25,10,80,4.655541e+02
25,10,90,4.651599e+02
25,10,100,4.644185e+02
25,10,1,1.128581e+03
25,10,2,1.071101e+03
25,10,3,9.526953e+02
25,10,5,8.820694e+02
25,10,10,5.142261e+02
25,10,20,4.941882e+02
25,10,30,4.507534e+02
25,10,40,4.441173e+02
25,10,50,4.410521e+02
25,10,60,4.407430e+02
25,10,70,4.403331e+02
25,10,80,4.383930e+02
25,10,90,4.380431e+02
25,10,100,4.375665e+02
25,10,1,1.425706e+03
25,10,2,1.209938e+03
25,10,3,1.171261e+03
25,10,5,7.247180e+02
25,10,10,4.997028e+02
25,10,20,4.747401e+02
25,10,30,4.735707e+02
25,10,40,4.722541e+02
25,10,50,4.717702e+02
25,10,60,4.711841e+02
25,10,70,4.706671e+02
25,10,80,4.699388e+02
25,10,90,4.696196e+02
25,10,100,4.691708e+02
25,10,1,1.092416e+03
25,10,2,1.074831e+03
25,10,3,1.074604e+03
25,10,5,9.404169e+02
25,10,10,5.895544e+02
25,10,20,5.313619e+02
25,10,30,5.242623e+02
25,10,40,5.236822e+02
25,10,50,5.231157e+02
25,10,60,5.230189e+02
25,10,70,5.223351e+02
25,10,80,5.222141e+02
25,10,90,5.216120e+02
25,10,100,5.208698e+02
25,10,1,1.482667e+03
25,10,2,1.214927e+03
25,10,3,7.351557e+02
25,10,5,6.591560e+02
25,10,10,5.302314e+02
25,10,20,4.766518e+02
25,10,30,4.694779e+02
25,10,40,4.667523e+02
25,10,50,4.658114e+02
25,10,60,4.652689e+02
25,10,70,4.645721e+02
25,10,80,4.644356e+02
25,10,90,4.634126e+02
25,10,100,4.622642e+02
25,10,1,1.256862e+03
25,10,2,1.256403e+03
25,10,3,8.921745e+02
25,10,5,7.098002e+02
25,10,10,5.822822e+02
25,10,20,5.306580e+02
25,10,30,5.121297e+02
25,10,40,5.117371e+02
25,10,50,5.112490e+02
25,10,60,5.104788e+02
25,10,70,5.096548e+02
25,10,80,5.093840e+02
25,10,90,5.090950e+02
25,10,100,5.087927e+02
25,10,1,1.301009e+03
25,10,2,1.164020e+03
25,10,3,1.098626e+03
25,10,5,8.952796e+02
25,10,10,5.375128e+02
25,10,20,4.649884e+02
25,10,30,4.543090e+02
25,10,40,4.537381e+02
25,10,50,4.535159e+02
25,10,60,4.533035e+02
25,10,70,4.529420e+02
25,10,80,4.527040e+02
25,10,90,4.524907e+02
25,10,100,4.523806e+02
25,10,1,1.216108e+03
25,10,2,9.206158e+02
25,10,3,7.881128e+02
25,10,5,6.442786e+02
25,10,10,6.436179e+02
25,10,20,5.519710e+02
25,10,30,5.494239e+02
25,10,40,5.450449e+02
25,10,50,5.441362e+02
25,10,60,5.436107e+02
25,10,70,5.433678e+02
25,10,80,5.431529e+02
25,10,90,5.428231e+02
25,10,100,5.425910e+02
25,10,1,1.157919e+03
25,10,2,1.065139e+03
25,10,3,8.845349e+02
25,10,5,6.989232e+02
25,10,10,6.252571e+02
25,10,20,5.687028e+02
25,10,30,5.414998e+02
25,10,40,5.170696e+02
25,10,50,5.163591e+02
25,10,60,5.161098e+02
25,10,70,5.156882e+02
25,10,80,5.155747e+02
25,10,90,5.152479e+02
25,10,100,5.149339e+02
25,10,1,1.191295e+03
25,10,2,1.183806e+03
25,10,3,8.296707e+02
25,10,5,7.529513e+02
25,10,10,5.609006e+02
25,10,20,5.114991e+02
25,10,30,4.893821e+02
25,10,40,4.881619e+02
25,10,50,4.755644e+02
25,10,60,4.715737e+02
25,10,70,4.698581e+02
25,10,80,4.697660e+02
25,10,90,4.697274e+02
25,10,100,4.694801e+02
25,10,1,1.328198e+03
25,10,2,1.039836e+03
25,10,3,9.254543e+02
25,10,5,6.978576e+02
25,10,10,6.600936e+02
25,10,20,5.150706e+02
25,10,30,5.100495e+02
25,10,40,5.028734e+02
25,10,50,5.017462e+02
25,10,60,5.012897e+02
25,10,70,5.008495e+02
25,10,80,5.002291e+02
25,10,90,4.996061e+02
25,10,100,4.988609e+02
25,10,1,1.470076e+03
25,10,2,1.348478e+03
25,10,3,1.058213e+03
25,10,5,9.019272e+02
25,10,10,7.145044e+02
25,10,20,5.240283e+02
25,10,30,4.958665e+02
25,10,40,4.939670e+02
25,10,50,4.917490e+02
25,10,60,4.912846e+02
25,10,70,4.910760e+02
25,10,80,4.908464e+02
25,10,90,4.898113e+02
25,10,100,4.888729e+02
