funcid,dim,milestone,error
21,50,1,1.078975e+03
21,50,2,9.215345e+02
21,50,3,8.490473e+02
21,50,5,7.816752e+02
21,50,10,7.307970e+02
21,50,20,7.149790e+02
21,50,30,7.080714e+02
21,50,40,7.016121e+02
21,50,50,6.946955e+02
21,50,60,6.792151e+02
21,50,70,6.612399e+02
21,50,80,6.550595e+02
21,50,90,6.491464e+02
21,50,100,6.420606e+02
21,50,1,1.212632e+03
21,50,2,9.201283e+02
21,50,3,8.286418e+02
21,50,5,7.710573e+02
21,50,10,6.990701e+02
21,50,20,6.849011e+02
21,50,30,6.731835e+02
21,50,40,6.658047e+02
21,50,50,6.593221e+02
21,50,60,6.516110e+02
21,50,70,6.367251e+02
21,50,80,6.314766e+02
21,50,90,6.216212e+02
21,50,100,6.145241e+02
21,50,1,1.083507e+03
21,50,2,9.126673e+02
21,50,3,7.475913e+02
21,50,5,7.135234e+02
21,50,10,6.825486e+02
21,50,20,6.681472e+02
21,50,30,6.612325e+02
21,50,40,6.449638e+02
21,50,50,6.407415e+02
21,50,60,6.346508e+02
21,50,70,6.285663e+02
21,50,80,6.183995e+02
21,50,90,6.127596e+02
21,50,100,6.055924e+02
21,50,1,1.055987e+03
21,50,2,9.671111e+02
21,50,3,8.565704e+02
21,50,5,7.456857e+02
21,50,10,7.064428e+02
21,50,20,6.775034e+02
21,50,30,6.638777e+02
21,50,40,6.489254e+02
21,50,50,6.401491e+02
21,50,60,6.275753e+02
21,50,70,6.209992e+02
21,50,80,6.120649e+02
21,50,90,6.046646e+02
21,50,100,5.960552e+02
21,50,1,1.192731e+03
21,50,2,9.502698e+02
21,50,3,8.497275e+02
21,50,5,7.443793e+02
21,50,10,6.655237e+02
21,50,20,6.592780e+02
21,50,30,6.526320e+02
21,50,40,6.436496e+02
21,50,50,6.348600e+02
21,50,60,6.287349e+02
21,50,70,6.214490e+02
21,50,80,6.156271e+02
21,50,90,6.091665e+02
21,50,100,6.030663e+02
21,50,1,1.271938e+03
21,50,2,9.800475e+02
21,50,3,8.652887e+02
21,50,5,7.849552e+02
21,50,10,6.753562e+02
21,50,20,6.587181e+02
21,50,30,6.501668e+02
21,50,40,6.418810e+02
21,50,50,6.359519e+02
21,50,60,6.288427e+02
21,50,70,6.243376e+02
21,50,80,6.193154e+02
21,50,90,6.147677e+02
21,50,100,6.058137e+02
21,50,1,1.101705e+03
21,50,2,8.586899e+02
21,50,3,8.087740e+02
21,50,5,7.404198e+02
21,50,10,6.453864e+02
21,50,20,6.321137e+02
21,50,30,6.232529e+02
21,50,40,6.164138e+02
21,50,50,6.098066e+02
21,50,60,6.008650e+02
21,50,70,5.871003e+02
21,50,80,5.829927e+02
21,50,90,5.767870e+02
21,50,100,5.702437e+02
21,50,1,1.186307e+03
21,50,2,9.835457e+02
21,50,3,8.146970e+02
21,50,5,7.615759e+02
21,50,10,6.914227e+02
21,50,20,6.705436e+02
21,50,30,6.376506e+02
21,50,40,6.282063e+02
21,50,50,6.181602e+02
21,50,60,6.053085e+02
21,50,70,6.010394e+02
21,50,80,5.949215e+02
21,50,90,5.855841e+02
21,50,100,5.768716e+02
21,50,1,1.011243e+03
21,50,2,8.577099e+02
21,50,3,8.074799e+02
21,50,5,7.201714e+02
21,50,10,6.774020e+02
21,50,20,6.711964e+02
21,50,30,6.661896e+02
21,50,40,6.591825e+02
21,50,50,6.482526e+02
21,50,60,6.419362e+02
21,50,70,6.317277e+02
21,50,80,6.258150e+02
21,50,90,6.135069e+02
21,50,100,6.088387e+02
21,50,1,1.114150e+03
21,50,2,9.514076e+02
21,50,3,8.219248e+02
21,50,5,7.541120e+02
21,50,10,6.695800e+02
21,50,20,6.579523e+02
21,50,30,6.470115e+02
21,50,40,6.350884e+02
21,50,50,6.294737e+02
21,50,60,6.220872e+02
21,50,70,6.130850e+02
21,50,80,6.014116e+02
21,50,90,5.949588e+02
21,50,100,5.891192e+02
21,50,1,1.135817e+03
21,50,2,9.535883e+02
21,50,3,8.262664e+02
21,50,5,7.597655e+02
21,50,10,6.653900e+02
21,50,20,6.515695e+02
21,50,30,6.457932e+02
21,50,40,6.351466e+02
21,50,50,6.261602e+02
21,50,60,6.197550e+02
21,50,70,6.139182e+02
21,50,80,6.067862e+02
21,50,90,5.982521e+02
21,50,100,5.885573e+02
21,50,1,1.051987e+03
21,50,2,8.826706e+02
21,50,3,8.462718e+02
21,50,5,7.712009e+02
21,50,10,6.942248e+02
21,50,20,6.787016e+02
21,50,30,6.708702e+02
21,50,40,6.613923e+02
21,50,50,6.480435e+02
21,50,60,6.407218e+02
21,50,70,6.339127e+02
21,50,80,6.224288e+02
21,50,90,6.150198e+02
21,50,100,6.052687e+02
21,50,1,1.132476e+03
21,50,2,9.378037e+02
21,50,3,7.908171e+02
21,50,5,7.478314e+02
21,50,10,7.426691e+02
21,50,20,7.303533e+02
21,50,30,7.207812e+02
21,50,40,7.128250e+02
21,50,50,7.024411e+02
21,50,60,6.926532e+02
21,50,70,6.871196e+02
21,50,80,6.793274e+02
21,50,90,6.710329e+02
21,50,100,6.572412e+02
21,50,1,1.010504e+03
21,50,2,9.218024e+02
21,50,3,7.952181e+02
21,50,5,6.913670e+02
21,50,10,6.312606e+02
21,50,20,6.095195e+02
21,50,30,6.005225e+02
21,50,40,5.878124e+02
21,50,50,5.784184e+02
21,50,60,5.675022e+02
21,50,70,5.596778e+02
21,50,80,5.513495e+02
21,50,90,5.456391e+02
21,50,100,5.390007e+02
21,50,1,1.104815e+03
21,50,2,9.735437e+02
21,50,3,8.866266e+02
21,50,5,7.791725e+02
21,50,10,7.160901e+02
21,50,20,7.064297e+02
21,50,30,6.978283e+02
21,50,40,6.900635e+02
21,50,50,6.801609e+02
21,50,60,6.709024e+02
21,50,70,6.654582e+02
21,50,80,6.605375e+02
21,50,90,6.525936e+02
21,50,100,6.468658e+02
21,50,1,1.250481e+03
21,50,2,8.930687e+02
21,50,3,7.929810e+02
21,50,5,7.051016e+02
21,50,10,6.787911e+02
21,50,20,6.689420e+02
21,50,30,6.612971e+02
21,50,40,6.508290e+02
21,50,50,6.422952e+02
21,50,60,6.363801e+02
21,50,70,6.297168e+02
21,50,80,6.225149e+02
21,50,90,6.132907e+02
21,50,100,6.055062e+02
21,50,1,1.206057e+03
21,50,2,9.359391e+02
21,50,3,7.993803e+02
21,50,5,7.065479e+02
21,50,10,6.559955e+02
21,50,20,6.467299e+02
21,50,30,6.397612e+02
21,50,40,6.315975e+02
21,50,50,6.201082e+02
21,50,60,5.999271e+02
21,50,70,5.946770e+02
21,50,80,5.845783e+02
21,50,90,5.775796e+02
21,50,100,5.705674e+02
21,50,1,1.204637e+03
21,50,2,9.334321e+02
21,50,3,7.971401e+02
21,50,5,7.061176e+02
21,50,10,6.951840e+02
21,50,20,6.748263e+02
21,50,30,6.674683e+02
21,50,40,6.615035e+02
21,50,50,6.561748e+02
21,50,60,6.504686e+02
21,50,70,6.445608e+02
21,50,80,6.393769e+02
21,50,90,6.321344e+02
21,50,100,6.253834e+02
21,50,1,1.119095e+03
21,50,2,9.387515e+02
21,50,3,8.240432e+02
21,50,5,7.343331e+02
21,50,10,6.993703e+02
21,50,20,6.724739e+02
21,50,30,6.646713e+02
21,50,40,6.563293e+02
21,50,50,6.432416e+02
21,50,60,6.368210e+02
21,50,70,6.284048e+02
21,50,80,6.212980e+02
21,50,90,6.156859e+02
21,50,100,6.082980e+02
21,50,1,1.149510e+03
21,50,2,9.623619e+02
21,50,3,8.545929e+02
21,50,5,7.772314e+02
21,50,10,7.332063e+02
21,50,20,7.238216e+02
21,50,30,7.131037e+02
21,50,40,7.025375e+02
21,50,50,6.889999e+02
21,50,60,6.838111e+02
21,50,70,6.764540e+02
21,50,80,6.665607e+02
21,50,90,6.577197e+02
21,50,100,6.474786e+02
21,50,1,1.140950e+03
21,50,2,9.741422e+02
21,50,3,8.843276e+02
21,50,5,7.648372e+02
21,50,10,7.187616e+02
21,50,20,6.804636e+02
21,50,30,6.721475e+02
21,50,40,6.613301e+02
21,50,50,6.543092e+02
21,50,60,6.445458e+02
21,50,70,6.355874e+02
21,50,80,6.269265e+02
21,50,90,6.189827e+02
21,50,100,6.145042e+02
21,50,1,1.164162e+03
21,50,2,9.034689e+02
21,50,3,8.176412e+02
21,50,5,7.419839e+02
21,50,10,7.053582e+02
21,50,20,6.737541e+02
21,50,30,6.628457e+02
21,50,40,6.562174e+02
21,50,50,6.520032e+02
21,50,60,6.423606e+02
21,50,70,6.364297e+02
21,50,80,6.294001e+02
21,50,90,6.243283e+02
21,50,100,6.200818e+02
21,50,1,1.128405e+03
21,50,2,9.412596e+02
21,50,3,8.253176e+02
21,50,5,7.756516e+02
21,50,10,7.243901e+02
21,50,20,6.988693e+02
21,50,30,6.838953e+02
21,50,40,6.634669e+02
21,50,50,6.550867e+02
21,50,60,6.471247e+02
21,50,70,6.411537e+02
21,50,80,6.347461e+02
21,50,90,6.276781e+02
21,50,100,6.218973e+02
21,50,1,1.106067e+03
21,50,2,9.177984e+02
21,50,3,8.370198e+02
21,50,5,7.177346e+02
21,50,10,6.262383e+02
21,50,20,6.136815e+02
21,50,30,6.059886e+02
21,50,40,5.995942e+02
21,50,50,5.907064e+02
21,50,60,5.812768e+02
21,50,70,5.736780e+02
21,50,80,5.669196e+02
21,50,90,5.590841e+02
21,50,100,5.506098e+02
21,50,1,1.031272e+03
21,50,2,8.339986e+02
21,50,3,7.955139e+02
21,50,5,7.309075e+02
21,50,10,7.094403e+02
21,50,20,6.972824e+02
21,50,30,6.880797e+02
21,50,40,6.817047e+02
21,50,50,6.688603e+02
21,50,60,6.560358e+02
21,50,70,6.490602e+02
21,50,80,6.380801e+02
21,50,90,6.307710e+02
21,50,100,6.204263e+02
21,50,1,1.116448e+03
21,50,2,9.475790e+02
21,50,3,8.729150e+02
21,50,5,7.428958e+02
21,50,10,6.717964e+02
21,50,20,6.558707e+02
21,50,30,6.405496e+02
21,50,40,6.333409e+02
21,50,50,6.242012e+02
21,50,60,6.178235e+02
21,50,70,6.105459e+02
21,50,80,6.038627e+02
21,50,90,5.981851e+02
21,50,100,5.890253e+02
21,50,1,1.065043e+03
21,50,2,8.719253e+02
21,50,3,8.434446e+02
21,50,5,7.442785e+02
21,50,10,7.032418e+02
21,50,20,6.879558e+02
21,50,30,6.804513e+02
21,50,40,6.733208e+02
21,50,50,6.639740e+02
21,50,60,6.513128e+02
21,50,70,6.436094e+02
21,50,80,6.379516e+02
21,50,90,6.302721e+02
21,50,100,6.232431e+02
21,50,1,1.111120e+03
21,50,2,1.010289e+03
21,50,3,8.642981e+02
21,50,5,7.336876e+02
21,50,10,7.020182e+02
21,50,20,6.895037e+02
21,50,30,6.812921e+02
21,50,40,6.758180e+02
21,50,50,6.672555e+02
21,50,60,6.580685e+02
21,50,70,6.537162e+02
21,50,80,6.466114e+02
21,50,90,6.375119e+02
21,50,100,6.257525e+02
21,50,1,1.217276e+03
21,50,2,8.832161e+02
21,50,3,8.011973e+02
21,50,5,7.495848e+02
21,50,10,7.250979e+02
21,50,20,7.150289e+02
21,50,30,7.053872e+02
21,50,40,6.994745e+02
21,50,50,6.884933e+02
21,50,60,6.807429e+02
21,50,70,6.722611e+02
21,50,80,6.589445e+02
21,50,90,6.511520e+02
21,50,100,6.454504e+02
21,50,1,1.175127e+03
21,50,2,9.045308e+02
21,50,3,8.301642e+02
21,50,5,7.091830e+02
21,50,10,6.458957e+02
21,50,20,6.339324e+02
21,50,30,6.255981e+02
21,50,40,6.187674e+02
21,50,50,6.084018e+02
21,50,60,5.986157e+02
21,50,70,5.918766e+02
21,50,80,5.841491e+02
21,50,90,5.766004e+02
21,50,100,5.677765e+02
21,50,1,9.941368e+02
21,50,2,8.776112e+02
21,50,3,8.404533e+02
21,50,5,7.219309e+02
21,50,10,6.784782e+02
21,50,20,6.583525e+02
21,50,30,6.434331e+02
21,50,40,6.340621e+02
21,50,50,6.284587e+02
21,50,60,6.229219e+02
21,50,70,6.155309e+02
21,50,80,6.112768e+02
21,50,90,6.018334e+02
21,50,100,5.954778e+02
