funcid,dim,milestone,error
11,30,1,8.471789e+03
11,30,2,6.162091e+03
11,30,3,3.760845e+03
11,30,5,3.006161e+03
11,30,10,2.872746e+03
11,30,20,2.842189e+03
11,30,30,2.788670e+03
11,30,40,2.768665e+03
11,30,50,2.747100e+03
11,30,60,2.728889e+03
11,30,70,2.712899e+03
11,30,80,2.699992e+03
11,30,90,2.683360e+03
11,30,100,2.672392e+03
11,30,1,7.292219e+03
11,30,2,6.355109e+03
11,30,3,5.932598e+03
11,30,5,5.186950e+03
11,30,10,4.330945e+03
11,30,20,2.404111e+03
11,30,30,2.372534e+03
11,30,40,2.349327e+03
11,30,50,2.276380e+03
11,30,60,2.243581e+03
11,30,70,2.216377e+03
11,30,80,2.198914e+03
11,30,90,2.176715e+03
11,30,100,2.159436e+03
11,30,1,9.365399e+03
11,30,2,6.762257e+03
11,30,3,4.929569e+03
11,30,5,4.882708e+03
11,30,10,3.951592e+03
11,30,20,3.733311e+03
11,30,30,2.603574e+03
11,30,40,2.570779e+03
11,30,50,2.328472e+03
11,30,60,2.290736e+03
11,30,70,2.266086e+03
11,30,80,2.245301e+03
11,30,90,2.221373e+03
11,30,100,2.153514e+03
11,30,1,8.666766e+03
11,30,2,4.295585e+03
11,30,3,3.969632e+03
11,30,5,3.558899e+03
11,30,10,3.439128e+03
11,30,20,3.330279e+03
11,30,30,3.292289e+03
11,30,40,3.222563e+03
11,30,50,3.197345e+03
11,30,60,3.151470e+03
11,30,70,3.109397e+03
11,30,80,3.072911e+03
11,30,90,3.052139e+03
11,30,100,3.027300e+03
11,30,1,7.348631e+03
11,30,2,6.751300e+03
11,30,3,5.617057e+03
11,30,5,3.387939e+03
11,30,10,3.118325e+03
11,30,20,3.001323e+03
11,30,30,2.813395e+03
11,30,40,2.769796e+03
11,30,50,2.731304e+03
11,30,60,2.715526e+03
11,30,70,2.699322e+03
11,30,80,2.682948e+03
11,30,90,2.671456e+03
11,30,100,2.657717e+03
11,30,1,6.875362e+03
11,30,2,6.677568e+03
11,30,3,4.663914e+03
11,30,5,4.411863e+03
11,30,10,4.032550e+03
11,30,20,3.242313e+03
11,30,30,2.661114e+03
11,30,40,2.565305e+03
11,30,50,2.470135e+03
11,30,60,2.398561e+03
11,30,70,2.338313e+03
11,30,80,2.301311e+03
11,30,90,2.256081e+03
11,30,100,2.225059e+03
11,30,1,4.595695e+03
11,30,2,4.315384e+03
11,30,3,3.924022e+03
11,30,5,2.993448e+03
11,30,10,2.757401e+03
11,30,20,2.021326e+03
11,30,30,1.903908e+03
11,30,40,1.880470e+03
11,30,50,1.859095e+03
11,30,60,1.846125e+03
11,30,70,1.834279e+03
11,30,80,1.819475e+03
11,30,90,1.799299e+03
11,30,100,1.781328e+03
11,30,1,7.142264e+03
11,30,2,6.124865e+03
11,30,3,5.297228e+03
11,30,5,4.593371e+03
11,30,10,3.295003e+03
11,30,20,2.749471e+03
11,30,30,2.266730e+03
11,30,40,2.232174e+03
11,30,50,2.209770e+03
11,30,60,2.200142e+03
11,30,70,2.172265e+03
11,30,80,2.160691e+03
11,30,90,2.130853e+03
11,30,100,2.116711e+03
11,30,1,8.006503e+03
11,30,2,5.096925e+03
11,30,3,4.113828e+03
11,30,5,3.508374e+03
11,30,10,2.864429e+03
11,30,20,2.035586e+03
11,30,30,1.995793e+03
11,30,40,1.959839e+03
11,30,50,1.930162e+03
11,30,60,1.914042e+03
11,30,70,1.845655e+03
11,30,80,1.823935e+03
11,30,90,1.799528e+03
11,30,100,1.780835e+03
11,30,1,7.006535e+03
11,30,2,5.698627e+03
11,30,3,4.686275e+03
11,30,5,2.298916e+03
11,30,10,2.072423e+03
11,30,20,2.024989e+03
11,30,30,1.988868e+03
11,30,40,1.950475e+03
11,30,50,1.917643e+03
11,30,60,1.890838e+03
11,30,70,1.862403e+03
11,30,80,1.825872e+03
11,30,90,1.800134e+03
11,30,100,1.782140e+03
11,30,1,6.912662e+03
11,30,2,5.908365e+03
11,30,3,5.748482e+03
11,30,5,5.134011e+03
11,30,10,4.356627e+03
11,30,20,3.793724e+03
11,30,30,3.706305e+03
11,30,40,2.931037e+03
11,30,50,2.843592e+03
11,30,60,2.828920e+03
11,30,70,2.805763e+03
11,30,80,2.800653e+03
11,30,90,2.780033e+03
11,30,100,2.764876e+03
11,30,1,7.829812e+03
11,30,2,4.454829e+03
11,30,3,4.389649e+03
11,30,5,3.593637e+03
11,30,10,2.526916e+03
11,30,20,2.380144e+03
11,30,30,2.090852e+03
11,30,40,2.070577e+03
11,30,50,2.057214e+03
11,30,60,2.047376e+03
11,30,70,2.035878e+03
11,30,80,2.013350e+03
11,30,90,2.002509e+03
11,30,100,1.971202e+03
11,30,1,5.496001e+03
11,30,2,3.464497e+03
11,30,3,3.133242e+03
11,30,5,2.925293e+03
11,30,10,2.535696e+03
11,30,20,2.073989e+03
11,30,30,1.580121e+03
11,30,40,1.549376e+03
11,30,50,1.533648e+03
11,30,60,1.499495e+03
11,30,70,1.483830e+03
11,30,80,1.449142e+03
11,30,90,1.434963e+03
11,30,100,1.411146e+03
11,30,1,7.006524e+03
11,30,2,6.862492e+03
11,30,3,3.718694e+03
11,30,5,3.503816e+03
11,30,10,3.132910e+03
11,30,20,2.314879e+03
11,30,30,2.040520e+03
11,30,40,1.823111e+03
11,30,50,1.784962e+03
11,30,60,1.764608e+03
11,30,70,1.752551e+03
11,30,80,1.734887e+03
11,30,90,1.715507e+03
11,30,100,1.705993e+03
11,30,1,1.053410e+04
11,30,2,7.336640e+03
11,30,3,5.290753e+03
11,30,5,4.333400e+03
11,30,10,1.984875e+03
11,30,20,1.893699e+03
11,30,30,1.836359e+03
11,30,40,1.792797e+03
11,30,50,1.723794e+03
11,30,60,1.660832e+03
11,30,70,1.613587e+03
11,30,80,1.577218e+03
11,30,90,1.555706e+03
11,30,100,1.533767e+03
11,30,1,8.494898e+03
11,30,2,6.774930e+03
11,30,3,5.817153e+03
11,30,5,4.123496e+03
11,30,10,3.893196e+03
11,30,20,3.863084e+03
11,30,30,3.300842e+03
11,30,40,3.286325e+03
11,30,50,3.267985e+03
11,30,60,3.248775e+03
11,30,70,3.236424e+03
11,30,80,3.222379e+03
11,30,90,3.204362e+03
11,30,100,3.185376e+03
11,30,1,6.501333e+03
11,30,2,5.505294e+03
11,30,3,4.971644e+03
11,30,5,2.848782e+03
11,30,10,1.504732e+03
11,30,20,1.454433e+03
11,30,30,1.426841e+03
11,30,40,1.397999e+03
11,30,50,1.390448e+03
11,30,60,1.373139e+03
11,30,70,1.358805e+03
11,30,80,1.343051e+03
11,30,90,1.315739e+03
11,30,100,1.287221e+03
11,30,1,8.251599e+03
11,30,2,7.001228e+03
11,30,3,3.504106e+03
11,30,5,3.371414e+03
11,30,10,3.298696e+03
11,30,20,3.212307e+03
11,30,30,3.105656e+03
11,30,40,3.050445e+03
11,30,50,2.942327e+03
11,30,60,2.885384e+03
11,30,70,2.844336e+03
11,30,80,2.776423e+03
11,30,90,2.734689e+03
11,30,100,2.687316e+03
11,30,1,7.972067e+03
11,30,2,6.497160e+03
11,30,3,6.434736e+03
11,30,5,3.585516e+03
11,30,10,3.248356e+03
11,30,20,3.224775e+03
11,30,30,3.204745e+03
11,30,40,3.188585e+03
11,30,50,3.167243e+03
11,30,60,3.148284e+03
11,30,70,3.135565e+03
11,30,80,3.098631e+03
11,30,90,3.073292e+03
11,30,100,3.038391e+03
11,30,1,5.395232e+03
11,30,2,5.333184e+03
11,30,3,4.430767e+03
11,30,5,4.405466e+03
11,30,10,3.555090e+03
11,30,20,2.206702e+03
11,30,30,2.077731e+03
11,30,40,1.858421e+03
11,30,50,1.786547e+03
11,30,60,1.779259e+03
11,30,70,1.769832e+03
11,30,80,1.757259e+03
11,30,90,1.748626e+03
11,30,100,1.734988e+03
11,30,1,9.250875e+03
11,30,2,9.038558e+03
11,30,3,3.906462e+03
11,30,5,3.422731e+03
11,30,10,2.581391e+03
11,30,20,1.569965e+03
11,30,30,1.499782e+03
11,30,40,1.460177e+03
11,30,50,1.431117e+03
11,30,60,1.408809e+03
11,30,70,1.355893e+03
11,30,80,1.335153e+03
11,30,90,1.314911e+03
11,30,100,1.300726e+03
11,30,1,7.013648e+03
11,30,2,5.949884e+03
11,30,3,4.430333e+03
11,30,5,3.323819e+03
11,30,10,3.003207e+03
11,30,20,2.849471e+03
11,30,30,1.443073e+03
11,30,40,1.380020e+03
11,30,50,1.343243e+03
11,30,60,1.126460e+03
11,30,70,1.115102e+03
11,30,80,1.102026e+03
11,30,90,1.083876e+03
11,30,100,1.071047e+03
11,30,1,7.134467e+03
11,30,2,6.792549e+03
11,30,3,5.685894e+03
11,30,5,3.905211e+03
11,30,10,2.594185e+03
11,30,20,1.375111e+03
11,30,30,8.533452e+02
11,30,40,7.358132e+02
11,30,50,7.239139e+02
11,30,60,7.181325e+02
11,30,70,7.117526e+02
11,30,80,7.052704e+02
11,30,90,6.948360e+02
11,30,100,6.854523e+02
11,30,1,7.520400e+03
11,30,2,6.797058e+03
11,30,3,6.445543e+03
11,30,5,4.560473e+03
11,30,10,4.520484e+03
11,30,20,3.411478e+03
11,30,30,3.353113e+03
11,30,40,2.538522e+03
11,30,50,2.503657e+03
11,30,60,2.472946e+03
11,30,70,2.453249e+03
11,30,80,2.431381e+03
11,30,90,2.416688e+03
11,30,100,2.400604e+03
11,30,1,9.047518e+03
11,30,2,5.840127e+03
11,30,3,4.269920e+03
11,30,5,2.682929e+03
11,30,10,2.458684e+03
11,30,20,2.412988e+03
11,30,30,2.384037e+03
11,30,40,2.356264e+03
11,30,50,2.331804e+03
11,30,60,2.315074e+03
11,30,70,2.301207e+03
11,30,80,2.282636e+03
11,30,90,2.262996e+03
11,30,100,2.247559e+03
11,30,1,8.038643e+03
11,30,2,3.313061e+03
11,30,3,3.259109e+03
11,30,5,2.895605e+03
11,30,10,2.705721e+03
11,30,20,2.504148e+03
11,30,30,2.460842e+03
11,30,40,2.170734e+03
11,30,50,2.157321e+03
11,30,60,2.151986e+03
11,30,70,2.135356e+03
11,30,80,2.113323e+03
11,30,90,2.099590e+03
11,30,100,2.079873e+03
11,30,1,1.021847e+04
11,30,2,7.810523e+03
11,30,3,6.592017e+03
11,30,5,4.623746e+03
11,30,10,2.653165e+03
11,30,20,2.519623e+03
11,30,30,2.448820e+03
11,30,40,2.023792e+03
11,30,50,1.998260e+03
11,30,60,1.971435e+03
11,30,70,1.946675e+03
11,30,80,1.920657e+03
11,30,90,1.896229e+03
11,30,100,1.884485e+03
11,30,1,8.430750e+03
11,30,2,5.477852e+03
11,30,3,5.224139e+03
11,30,5,4.937253e+03
11,30,10,4.100860e+03
11,30,20,3.163059e+03
11,30,30,2.791502e+03
11,30,40,2.597010e+03
11,30,50,2.570684e+03
11,30,60,2.539486e+03
11,30,70,2.477952e+03
11,30,80,2.464545e+03
11,30,90,2.440468e+03
11,30,100,2.428707e+03
11,30,1,8.716945e+03
11,30,2,7.555862e+03
11,30,3,6.122789e+03
11,30,5,5.229112e+03
11,30,10,3.349904e+03
11,30,20,3.207067e+03
11,30,30,3.175642e+03
11,30,40,3.149302e+03
11,30,50,3.104065e+03
11,30,60,3.092032e+03
11,30,70,3.068005e+03
11,30,80,3.003075e+03
11,30,90,2.978913e+03
11,30,100,2.955492e+03
11,30,1,6.086374e+03
11,30,2,5.810431e+03
11,30,3,5.804966e+03
11,30,5,5.059074e+03
11,30,10,4.062858e+03
11,30,20,3.405540e+03
11,30,30,3.135418e+03
11,30,40,3.116101e+03
11,30,50,2.937420e+03
11,30,60,2.924990e+03
11,30,70,2.885824e+03
11,30,80,2.838066e+03
11,30,90,2.784227e+03
11,30,100,2.751437e+03
11,30,1,4.592806e+03
11,30,2,4.399296e+03
11,30,3,3.556108e+03
11,30,5,2.434828e+03
11,30,10,2.015109e+03
11,30,20,1.842034e+03
11,30,30,1.833766e+03
11,30,40,1.817721e+03
11,30,50,1.786952e+03
11,30,60,1.765491e+03
11,30,70,1.755300e+03
11,30,80,1.732592e+03
11,30,90,1.718209e+03
11,30,100,1.697784e+03
