funcid,dim,milestone,error
7,30,1,8.242600e+02
7,30,2,7.295515e+02
7,30,3,7.115931e+02
7,30,5,6.856984e+02
7,30,10,6.164548e+02
7,30,20,5.999307e+02
7,30,30,5.927966e+02
7,30,40,5.807214e+02
7,30,50,5.713332e+02
7,30,60,5.655252e+02
7,30,70,5.592830e+02
7,30,80,5.553871e+02
7,30,90,5.442098e+02
7,30,100,5.399006e+02
7,30,1,7.834696e+02
7,30,2,7.111481e+02
7,30,3,6.494410e+02
7,30,5,5.819820e+02
7,30,10,4.704447e+02
7,30,20,4.561821e+02
7,30,30,4.472637e+02
7,30,40,4.377200e+02
7,30,50,4.338721e+02
7,30,60,4.288423e+02
7,30,70,4.180157e+02
7,30,80,4.115590e+02
7,30,90,4.026275e+02
7,30,100,3.993424e+02
7,30,1,8.344865e+02
7,30,2,7.464518e+02
7,30,3,6.837588e+02
7,30,5,6.101123e+02
7,30,10,5.899525e+02
7,30,20,5.795185e+02
7,30,30,5.652344e+02
7,30,40,5.512318e+02
7,30,50,5.424813e+02
7,30,60,5.330591e+02
7,30,70,5.255287e+02
7,30,80,5.215487e+02
7,30,90,5.113268e+02
7,30,100,5.076165e+02
7,30,1,7.713480e+02
7,30,2,7.039899e+02
7,30,3,6.686960e+02
7,30,5,5.804985e+02
7,30,10,5.534264e+02
7,30,20,5.230289e+02
7,30,30,5.160491e+02
7,30,40,5.068150e+02
7,30,50,4.996094e+02
7,30,60,4.857419e+02
7,30,70,4.790447e+02
7,30,80,4.697327e+02
7,30,90,4.620001e+02
7,30,100,4.553358e+02
7,30,1,7.304971e+02
7,30,2,6.554681e+02
7,30,3,6.068839e+02
7,30,5,4.988405e+02
7,30,10,4.068074e+02
7,30,20,3.774980e+02
7,30,30,3.657270e+02
7,30,40,3.457227e+02
7,30,50,3.243583e+02
7,30,60,3.131931e+02
7,30,70,3.033442e+02
7,30,80,2.999204e+02
7,30,90,2.891396e+02
7,30,100,2.840873e+02
7,30,1,7.337472e+02
7,30,2,6.258284e+02
7,30,3,6.141418e+02
7,30,5,6.102402e+02
7,30,10,5.933578e+02
7,30,20,5.533490e+02
7,30,30,5.409335e+02
7,30,40,5.341121e+02
7,30,50,5.260468e+02
7,30,60,5.171572e+02
7,30,70,5.037032e+02
7,30,80,4.982777e+02
7,30,90,4.925285e+02
7,30,100,4.867726e+02
7,30,1,8.138280e+02
7,30,2,7.488244e+02
7,30,3,7.176097e+02
7,30,5,6.941728e+02
7,30,10,5.757156e+02
7,30,20,5.607407e+02
7,30,30,5.452813e+02
7,30,40,5.385716e+02
7,30,50,5.311771e+02
7,30,60,5.261325e+02
7,30,70,5.217227e+02
7,30,80,5.107320e+02
7,30,90,5.049107e+02
7,30,100,5.009156e+02
7,30,1,7.110560e+02
7,30,2,6.730958e+02
7,30,3,6.040375e+02
7,30,5,5.143825e+02
7,30,10,4.746465e+02
7,30,20,4.545122e+02
7,30,30,4.471121e+02
7,30,40,4.321380e+02
7,30,50,4.232387e+02
7,30,60,4.169661e+02
7,30,70,4.073844e+02
7,30,80,4.027553e+02
7,30,90,4.005444e+02
7,30,100,3.909336e+02
7,30,1,7.378678e+02
7,30,2,6.682662e+02
7,30,3,5.552996e+02
7,30,5,5.376748e+02
7,30,10,5.309456e+02
7,30,20,5.068535e+02
7,30,30,4.938993e+02
7,30,40,4.874258e+02
7,30,50,4.816701e+02
7,30,60,4.777985e+02
7,30,70,4.685323e+02
7,30,80,4.572360e+02
7,30,90,4.506353e+02
7,30,100,4.473659e+02
7,30,1,7.496394e+02
7,30,2,7.086872e+02
7,30,3,6.836248e+02
7,30,5,6.622814e+02
7,30,10,6.186838e+02
7,30,20,5.943418e+02
7,30,30,5.883593e+02
7,30,40,5.829031e+02
7,30,50,5.739061e+02
7,30,60,5.690223e+02
7,30,70,5.636589e+02
7,30,80,5.534018e+02
7,30,90,5.504249e+02
7,30,100,5.457228e+02
7,30,1,7.949153e+02
7,30,2,7.500173e+02
7,30,3,6.816109e+02
7,30,5,6.475520e+02
7,30,10,6.030287e+02
7,30,20,5.763911e+02
7,30,30,5.663558e+02
7,30,40,5.578875e+02
7,30,50,5.464216e+02
7,30,60,5.392849e+02
7,30,70,5.329287e+02
7,30,80,5.279331e+02
7,30,90,5.245711e+02
7,30,100,5.192250e+02
7,30,1,7.484016e+02
7,30,2,7.066666e+02
7,30,3,6.852761e+02
7,30,5,6.433841e+02
7,30,10,5.988792e+02
7,30,20,5.736239e+02
7,30,30,5.639300e+02
7,30,40,5.578101e+02
7,30,50,5.476289e+02
7,30,60,5.339908e+02
7,30,70,5.267600e+02
7,30,80,5.167551e+02
7,30,90,5.091620e+02
7,30,100,5.016031e+02
7,30,1,7.533640e+02
7,30,2,6.839642e+02
7,30,3,6.322240e+02
7,30,5,5.282094e+02
7,30,10,5.020446e+02
7,30,20,4.744388e+02
7,30,30,4.650014e+02
7,30,40,4.575469e+02
7,30,50,4.478322e+02
7,30,60,4.326736e+02
7,30,70,4.159488e+02
7,30,80,4.097105e+02
7,30,90,4.029603e+02
7,30,100,3.972914e+02
7,30,1,8.157207e+02
7,30,2,7.734134e+02
7,30,3,7.356761e+02
7,30,5,6.861498e+02
7,30,10,6.708106e+02
7,30,20,6.417898e+02
7,30,30,6.244973e+02
7,30,40,6.155140e+02
7,30,50,6.063192e+02
7,30,60,5.918104e+02
7,30,70,5.813999e+02
7,30,80,5.646098e+02
7,30,90,5.604857e+02
7,30,100,5.561949e+02
7,30,1,6.606057e+02
7,30,2,6.489808e+02
7,30,3,6.002304e+02
7,30,5,5.610752e+02
7,30,10,4.977180e+02
7,30,20,4.526493e+02
7,30,30,4.435699e+02
7,30,40,4.320080e+02
7,30,50,4.198113e+02
7,30,60,4.118883e+02
7,30,70,4.025700e+02
7,30,80,3.968249e+02
7,30,90,3.876117e+02
7,30,100,3.825671e+02
7,30,1,6.972352e+02
7,30,2,6.789717e+02
7,30,3,6.619376e+02
7,30,5,6.005460e+02
7,30,10,5.736273e+02
7,30,20,5.612204e+02
7,30,30,5.482284e+02
7,30,40,5.406005e+02
7,30,50,5.315035e+02
7,30,60,5.148697e+02
7,30,70,5.046360e+02
7,30,80,4.944005e+02
7,30,90,4.887918e+02
7,30,100,4.843526e+02
7,30,1,7.777290e+02
7,30,2,7.339998e+02
7,30,3,7.256463e+02
7,30,5,6.439048e+02
7,30,10,5.586871e+02
7,30,20,5.347374e+02
7,30,30,5.262439e+02
7,30,40,5.160053e+02
7,30,50,5.088208e+02
7,30,60,5.065387e+02
7,30,70,5.000297e+02
7,30,80,4.924417e+02
7,30,90,4.774915e+02
7,30,100,4.737955e+02
7,30,1,6.717810e+02
7,30,2,6.400967e+02
7,30,3,6.202799e+02
7,30,5,5.465746e+02
7,30,10,4.932895e+02
7,30,20,4.680413e+02
7,30,30,4.597517e+02
7,30,40,4.485725e+02
7,30,50,4.406888e+02
7,30,60,4.354213e+02
7,30,70,4.276238e+02
7,30,80,4.248901e+02
7,30,90,4.178454e+02
7,30,100,4.087116e+02
7,30,1,7.196384e+02
7,30,2,6.799570e+02
7,30,3,6.373071e+02
7,30,5,5.921538e+02
7,30,10,5.763867e+02
7,30,20,5.623586e+02
7,30,30,5.491181e+02
7,30,40,5.402391e+02
7,30,50,5.346110e+02
7,30,60,5.264514e+02
7,30,70,5.162071e+02
7,30,80,5.114399e+02
7,30,90,5.090920e+02
7,30,100,5.055181e+02
7,30,1,8.084520e+02
7,30,2,7.374470e+02
7,30,3,6.155689e+02
7,30,5,5.634306e+02
7,30,10,5.344052e+02
7,30,20,5.202933e+02
7,30,30,5.027105e+02
7,30,40,4.824639e+02
7,30,50,4.740808e+02
7,30,60,4.626220e+02
7,30,70,4.543580e+02
7,30,80,4.396692e+02
7,30,90,4.324442e+02
7,30,100,4.259992e+02
7,30,1,7.319201e+02
7,30,2,6.435553e+02
7,30,3,6.233925e+02
7,30,5,5.792737e+02
7,30,10,5.573897e+02
7,30,20,5.396523e+02
7,30,30,5.244819e+02
7,30,40,5.075755e+02
7,30,50,4.985779e+02
7,30,60,4.898137e+02
7,30,70,4.857950e+02
7,30,80,4.799183e+02
7,30,90,4.708123e+02
7,30,100,4.651380e+02
7,30,1,7.421519e+02
7,30,2,7.187242e+02
7,30,3,6.621038e+02
7,30,5,5.929322e+02
7,30,10,5.323411e+02
7,30,20,5.066304e+02
7,30,30,5.018059e+02
7,30,40,4.929212e+02
7,30,50,4.839373e+02
7,30,60,4.740002e+02
7,30,70,4.643480e+02
7,30,80,4.565214e+02
7,30,90,4.519241e+02
7,30,100,4.416219e+02
7,30,1,7.631809e+02
7,30,2,7.200731e+02
7,30,3,6.942577e+02
7,30,5,6.137545e+02
7,30,10,5.733172e+02
7,30,20,5.551539e+02
7,30,30,5.494724e+02
7,30,40,5.391826e+02
7,30,50,5.305510e+02
7,30,60,5.253045e+02
7,30,70,5.168200e+02
7,30,80,5.061730e+02
7,30,90,4.999972e+02
7,30,100,4.914219e+02
7,30,1,7.487222e+02
7,30,2,7.255985e+02
7,30,3,6.339885e+02
7,30,5,5.412436e+02
7,30,10,5.007693e+02
7,30,20,4.859093e+02
7,30,30,4.714568e+02
7,30,40,4.638478e+02
7,30,50,4.489811e+02
7,30,60,4.398209e+02
7,30,70,4.335364e+02
7,30,80,4.254471e+02
7,30,90,4.171974e+02
7,30,100,4.116445e+02
7,30,1,8.122070e+02
7,30,2,7.427468e+02
7,30,3,7.080037e+02
7,30,5,6.630873e+02
7,30,10,6.334702e+02
7,30,20,6.014611e+02
7,30,30,5.914482e+02
7,30,40,5.819232e+02
7,30,50,5.702795e+02
7,30,60,5.650542e+02
7,30,70,5.548063e+02
7,30,80,5.496669e+02
7,30,90,5.448101e+02
7,30,100,5.424759e+02
7,30,1,7.417997e+02
7,30,2,6.912729e+02
7,30,3,6.629906e+02
7,30,5,6.285082e+02
7,30,10,5.892545e+02
7,30,20,5.500647e+02
7,30,30,5.315474e+02
7,30,40,5.180627e+02
7,30,50,5.099686e+02
7,30,60,4.985604e+02
7,30,70,4.917910e+02
7,30,80,4.840980e+02
7,30,90,4.808322e+02
7,30,100,4.755422e+02
7,30,1,7.354782e+02
7,30,2,6.206337e+02
7,30,3,6.153567e+02
7,30,5,6.111273e+02
7,30,10,6.059281e+02
7,30,20,5.385105e+02
7,30,30,5.293928e+02
7,30,40,5.224690e+02
7,30,50,5.113029e+02
7,30,60,4.983090e+02
7,30,70,4.869251e+02
7,30,80,4.767011e+02
7,30,90,4.630840e+02
7,30,100,4.556204e+02
7,30,1,7.452279e+02
7,30,2,6.373567e+02
7,30,3,5.526260e+02
7,30,5,5.216089e+02
7,30,10,5.054143e+02
7,30,20,4.626814e+02
7,30,30,4.489800e+02
7,30,40,4.359083e+02
7,30,50,4.276928e+02
7,30,60,4.218140e+02
7,30,70,4.115596e+02
7,30,80,4.037523e+02
7,30,90,4.000708e+02
7,30,100,3.885102e+02
7,30,1,7.532693e+02
7,30,2,6.919241e+02
7,30,3,6.279824e+02
7,30,5,5.889765e+02
7,30,10,5.060581e+02
7,30,20,4.948782e+02
7,30,30,4.848923e+02
7,30,40,4.753021e+02
7,30,50,4.670848e+02
7,30,60,4.600502e+02
7,30,70,4.467187e+02
7,30,80,4.405667e+02
7,30,90,4.356356e+02
7,30,100,4.291822e+02
7,30,1,6.538467e+02
7,30,2,6.042793e+02
7,30,3,6.013794e+02
7,30,5,5.804918e+02
7,30,10,5.552436e+02
7,30,20,4.757188e+02
7,30,30,4.671279e+02
7,30,40,4.571371e+02
7,30,50,4.487125e+02
7,30,60,4.377831e+02
7,30,70,4.301970e+02
7,30,80,4.222693e+02
7,30,90,4.175996e+02
7,30,100,4.078878e+02
7,30,1,7.188731e+02
7,30,2,6.911884e+02
7,30,3,6.472624e+02
7,30,5,6.215080e+02
7,30,10,5.714325e+02
7,30,20,5.326457e+02
7,30,30,5.260388e+02
7,30,40,5.193117e+02
7,30,50,5.095946e+02
7,30,60,4.995208e+02
7,30,70,4.882147e+02
7,30,80,4.750272e+02
7,30,90,4.692285e+02
7,30,100,4.647061e+02
