funcid,dim,milestone,error
6,50,1,1.006853e+02
6,50,2,8.449866e+01
6,50,3,6.597151e+01
6,50,5,6.172474e+01
6,50,10,6.029742e+01
6,50,20,5.809718e+01
6,50,30,5.665848e+01
6,50,40,5.526772e+01
6,50,50,5.464224e+01
6,50,60,5.373571e+01
6,50,70,5.283359e+01
6,50,80,5.202793e+01
6,50,90,5.129213e+01
6,50,100,5.057968e+01
6,50,1,9.492878e+01
6,50,2,8.596868e+01
6,50,3,7.322926e+01
6,50,5,6.506774e+01
6,50,10,5.909672e+01
6,50,20,5.727336e+01
6,50,30,5.609637e+01
6,50,40,5.512723e+01
6,50,50,5.453187e+01
6,50,60,5.374876e+01
6,50,70,5.316383e+01
6,50,80,5.274959e+01
6,50,90,5.196828e+01
6,50,100,5.145957e+01
6,50,1,9.628381e+01
6,50,2,7.444137e+01
6,50,3,6.268249e+01
6,50,5,5.939118e+01
6,50,10,5.616353e+01
6,50,20,5.185651e+01
6,50,30,5.119795e+01
6,50,40,5.062761e+01
6,50,50,5.023586e+01
6,50,60,5.000895e+01
6,50,70,4.971328e+01
6,50,80,4.953320e+01
6,50,90,4.932658e+01
6,50,100,4.919443e+01
6,50,1,1.003074e+02
6,50,2,7.932937e+01
6,50,3,7.623915e+01
6,50,5,6.876264e+01
6,50,10,6.069684e+01
6,50,20,5.843538e+01
6,50,30,5.701547e+01
6,50,40,5.571199e+01
6,50,50,5.466298e+01
6,50,60,5.384679e+01
6,50,70,5.336080e+01
6,50,80,5.297976e+01
6,50,90,5.261218e+01
6,50,100,5.238569e+01
6,50,1,1.062127e+02
6,50,2,8.880689e+01
6,50,3,7.803600e+01
6,50,5,6.540815e+01
6,50,10,6.307338e+01
6,50,20,6.095434e+01
6,50,30,6.006425e+01
6,50,40,5.887510e+01
6,50,50,5.788953e+01
6,50,60,5.712771e+01
6,50,70,5.648536e+01
6,50,80,5.523467e+01
6,50,90,5.440840e+01
6,50,100,5.398754e+01
6,50,1,1.039636e+02
6,50,2,8.404994e+01
6,50,3,7.500936e+01
6,50,5,6.467177e+01
6,50,10,5.595608e+01
6,50,20,5.459102e+01
6,50,30,5.335270e+01
6,50,40,5.243726e+01
6,50,50,5.164182e+01
6,50,60,5.066450e+01
6,50,70,4.999083e+01
6,50,80,4.938474e+01
6,50,90,4.880851e+01
6,50,100,4.800058e+01
6,50,1,9.697064e+01
6,50,2,7.980758e+01
6,50,3,7.561252e+01
6,50,5,6.726717e+01
6,50,10,6.165249e+01
6,50,20,6.007933e+01
6,50,30,5.857971e+01
6,50,40,5.744637e+01
6,50,50,5.610244e+01
6,50,60,5.538924e+01
6,50,70,5.510340e+01
6,50,80,5.473794e+01
6,50,90,5.448638e+01
6,50,100,5.404385e+01
6,50,1,1.001475e+02
6,50,2,7.731907e+01
6,50,3,7.117128e+01
6,50,5,6.835530e+01
6,50,10,5.921658e+01
6,50,20,5.569498e+01
6,50,30,5.462638e+01
6,50,40,5.349836e+01
6,50,50,5.282839e+01
6,50,60,5.204515e+01
6,50,70,5.118832e+01
6,50,80,5.082513e+01
6,50,90,5.048022e+01
6,50,100,5.010176e+01
6,50,1,1.017505e+02
6,50,2,8.199618e+01
6,50,3,7.781530e+01
6,50,5,6.514450e+01
6,50,10,5.773441e+01
6,50,20,5.583276e+01
6,50,30,5.466883e+01
6,50,40,5.339729e+01
6,50,50,5.260183e+01
6,50,60,5.184525e+01
6,50,70,5.125614e+01
6,50,80,5.057795e+01
6,50,90,4.999009e+01
6,50,100,4.914304e+01
6,50,1,1.032272e+02
6,50,2,8.442931e+01
6,50,3,7.408847e+01
6,50,5,6.814393e+01
6,50,10,6.369158e+01
6,50,20,6.148198e+01
6,50,30,6.041731e+01
6,50,40,5.780364e+01
6,50,50,5.652735e+01
6,50,60,5.533905e+01
6,50,70,5.436861e+01
6,50,80,5.404721e+01
6,50,90,5.367750e+01
6,50,100,5.322248e+01
6,50,1,1.016186e+02
6,50,2,7.766473e+01
6,50,3,6.842271e+01
6,50,5,6.194081e+01
6,50,10,5.753725e+01
6,50,20,5.572736e+01
6,50,30,5.493646e+01
6,50,40,5.362486e+01
6,50,50,5.255137e+01
6,50,60,5.191883e+01
6,50,70,5.133165e+01
6,50,80,5.074608e+01
6,50,90,5.033025e+01
6,50,100,4.985908e+01
6,50,1,1.017258e+02
6,50,2,8.387973e+01
6,50,3,7.016355e+01
6,50,5,6.439623e+01
6,50,10,5.904195e+01
6,50,20,5.682457e+01
6,50,30,5.555826e+01
6,50,40,5.399321e+01
6,50,50,5.334139e+01
6,50,60,5.287973e+01
6,50,70,5.148613e+01
6,50,80,5.071119e+01
6,50,90,5.003966e+01
6,50,100,4.950632e+01
6,50,1,1.040182e+02
6,50,2,9.104312e+01
6,50,3,7.824172e+01
6,50,5,6.844579e+01
6,50,10,6.351137e+01
6,50,20,6.140451e+01
6,50,30,5.973526e+01
6,50,40,5.870284e+01
6,50,50,5.755475e+01
6,50,60,5.701493e+01
6,50,70,5.614774e+01
6,50,80,5.547435e+01
6,50,90,5.501551e+01
6,50,100,5.457354e+01
6,50,1,9.130620e+01
6,50,2,7.945492e+01
6,50,3,6.888427e+01
6,50,5,6.221553e+01
6,50,10,5.641118e+01
6,50,20,5.337117e+01
6,50,30,5.224048e+01
6,50,40,5.117199e+01
6,50,50,5.042461e+01
6,50,60,4.958827e+01
6,50,70,4.900074e+01
6,50,80,4.790290e+01
6,50,90,4.725223e+01
6,50,100,4.676484e+01
6,50,1,1.023923e+02
6,50,2,7.948675e+01
6,50,3,7.277145e+01
6,50,5,6.276780e+01
6,50,10,5.839893e+01
6,50,20,5.682956e+01
6,50,30,5.541278e+01
6,50,40,5.439315e+01
6,50,50,5.335002e+01
6,50,60,5.272764e+01
6,50,70,5.249691e+01
6,50,80,5.181412e+01
6,50,90,5.133566e+01
6,50,100,5.109008e+01
6,50,1,9.592661e+01
6,50,2,8.506107e+01
6,50,3,7.695309e+01
6,50,5,7.139348e+01
6,50,10,6.375569e+01
6,50,20,6.153741e+01
6,50,30,6.056472e+01
6,50,40,5.959899e+01
6,50,50,5.815121e+01
6,50,60,5.755149e+01
6,50,70,5.683357e+01
6,50,80,5.622394e+01
6,50,90,5.536003e+01
6,50,100,5.498726e+01
6,50,1,1.070963e+02
6,50,2,8.803740e+01
6,50,3,8.110989e+01
6,50,5,6.982716e+01
6,50,10,6.406933e+01
6,50,20,6.065005e+01
6,50,30,5.925607e+01
6,50,40,5.740462e+01
6,50,50,5.671636e+01
6,50,60,5.591952e+01
6,50,70,5.531467e+01
6,50,80,5.494909e+01
6,50,90,5.449186e+01
6,50,100,5.427171e+01
6,50,1,1.042614e+02
6,50,2,8.906600e+01
6,50,3,7.693239e+01
6,50,5,6.386918e+01
6,50,10,5.726499e+01
6,50,20,5.508890e+01
6,50,30,5.372233e+01
6,50,40,5.236655e+01
6,50,50,5.163188e+01
6,50,60,5.080143e+01
6,50,70,5.034591e+01
6,50,80,4.999155e+01
6,50,90,4.962698e+01
6,50,100,4.930558e+01
6,50,1,9.341760e+01
6,50,2,8.528796e+01
6,50,3,7.030750e+01
6,50,5,6.265607e+01
6,50,10,5.913181e+01
6,50,20,5.712200e+01
6,50,30,5.552952e+01
6,50,40,5.449077e+01
6,50,50,5.309861e+01
6,50,60,5.233959e+01
6,50,70,5.158714e+01
6,50,80,5.101872e+01
6,50,90,5.028585e+01
6,50,100,5.003279e+01
6,50,1,1.054889e+02
6,50,2,8.783080e+01
6,50,3,7.436483e+01
6,50,5,6.432076e+01
6,50,10,5.843790e+01
6,50,20,5.528525e+01
6,50,30,5.363517e+01
6,50,40,5.283536e+01
6,50,50,5.213789e+01
6,50,60,5.123378e+01
6,50,70,5.049903e+01
6,50,80,5.024756e+01
6,50,90,4.996596e+01
6,50,100,4.960765e+01
6,50,1,9.704229e+01
6,50,2,8.623215e+01
6,50,3,7.732224e+01
6,50,5,6.362213e+01
6,50,10,5.648489e+01
6,50,20,5.491491e+01
6,50,30,5.354121e+01
6,50,40,5.241406e+01
6,50,50,5.131001e+01
6,50,60,5.032680e+01
6,50,70,4.968774e+01
6,50,80,4.900212e+01
6,50,90,4.861915e+01
6,50,100,4.835392e+01
6,50,1,9.392571e+01
6,50,2,8.290766e+01
6,50,3,7.740413e+01
6,50,5,6.987082e+01
6,50,10,6.442711e+01
6,50,20,6.230501e+01
6,50,30,6.059403e+01
6,50,40,5.952964e+01
6,50,50,5.797411e+01
6,50,60,5.706934e+01
6,50,70,5.613844e+01
6,50,80,5.541436e+01
6,50,90,5.502438e+01
6,50,100,5.435889e+01
6,50,1,1.008499e+02
6,50,2,8.374848e+01
6,50,3,7.707985e+01
6,50,5,7.098527e+01
6,50,10,6.323423e+01
6,50,20,5.943724e+01
6,50,30,5.824467e+01
6,50,40,5.645422e+01
6,50,50,5.592550e+01
6,50,60,5.539212e+01
6,50,70,5.478915e+01
6,50,80,5.449040e+01
6,50,90,5.395872e+01
6,50,100,5.354956e+01
6,50,1,8.166820e+01
6,50,2,7.532132e+01
6,50,3,6.761813e+01
6,50,5,5.909534e+01
6,50,10,5.647689e+01
6,50,20,5.433216e+01
6,50,30,5.291138e+01
6,50,40,5.141468e+01
6,50,50,5.022900e+01
6,50,60,4.860748e+01
6,50,70,4.717896e+01
6,50,80,4.623727e+01
6,50,90,4.545506e+01
6,50,100,4.464751e+01
6,50,1,1.059964e+02
6,50,2,8.945550e+01
6,50,3,7.272841e+01
6,50,5,6.839309e+01
6,50,10,6.363084e+01
6,50,20,6.061329e+01
6,50,30,5.929903e+01
6,50,40,5.836983e+01
6,50,50,5.764605e+01
6,50,60,5.637976e+01
6,50,70,5.536117e+01
6,50,80,5.461505e+01
6,50,90,5.417952e+01
6,50,100,5.370746e+01
6,50,1,9.964108e+01
6,50,2,8.018859e+01
6,50,3,6.666365e+01
6,50,5,5.908438e+01
6,50,10,5.611698e+01
6,50,20,5.467093e+01
6,50,30,5.349061e+01
6,50,40,5.247965e+01
6,50,50,5.136871e+01
6,50,60,5.062717e+01
6,50,70,4.967724e+01
6,50,80,4.900309e+01
6,50,90,4.831161e+01
6,50,100,4.793881e+01
6,50,1,1.037140e+02
6,50,2,8.800689e+01
6,50,3,8.029864e+01
6,50,5,6.810385e+01
6,50,10,6.131534e+01
6,50,20,6.006576e+01
6,50,30,5.867988e+01
6,50,40,5.741234e+01
6,50,50,5.698920e+01
6,50,60,5.647065e+01
6,50,70,5.578268e+01
6,50,80,5.528412e+01
6,50,90,5.509030e+01
6,50,100,5.476665e+01
6,50,1,1.040659e+02
6,50,2,8.200729e+01
6,50,3,7.069523e+01
6,50,5,6.613713e+01
6,50,10,6.155110e+01
6,50,20,5.774831e+01
6,50,30,5.647540e+01
6,50,40,5.512555e+01
6,50,50,5.325847e+01
6,50,60,5.258704e+01
6,50,70,5.196105e+01
6,50,80,5.138419e+01
6,50,90,5.103189e+01
6,50,100,5.072729e+01
6,50,1,1.056475e+02
6,50,2,8.531651e+01
6,50,3,7.508540e+01
6,50,5,6.847074e+01
6,50,10,6.280867e+01
6,50,20,6.135347e+01
6,50,30,6.024295e+01
6,50,40,5.949503e+01
6,50,50,5.865951e+01
6,50,60,5.754630e+01
6,50,70,5.664275e+01
6,50,80,5.613994e+01
6,50,90,5.571219e+01
6,50,100,5.506212e+01
6,50,1,9.839525e+01
6,50,2,7.612547e+01
6,50,3,7.373667e+01
6,50,5,6.317187e+01
6,50,10,5.449174e+01
6,50,20,5.170255e+01
6,50,30,4.985060e+01
6,50,40,4.908833e+01
6,50,50,4.788903e+01
6,50,60,4.693170e+01
6,50,70,4.610296e+01
6,50,80,4.569450e+01
6,50,90,4.508375e+01
6,50,100,4.475780e+01
6,50,1,1.002001e+02
6,50,2,8.895325e+01
6,50,3,7.636067e+01
6,50,5,6.611186e+01
6,50,10,6.003615e+01
6,50,20,5.766984e+01
6,50,30,5.638501e+01
6,50,40,5.525940e+01
6,50,50,5.463875e+01
6,50,60,5.340063e+01
6,50,70,5.283231e+01
6,50,80,5.203666e+01
6,50,90,5.108234e+01
6,50,100,5.064727e+01
