funcid,dim,milestone,error
17,10,1,4.006593e+02
17,10,2,3.960154e+02
17,10,3,3.609847e+02
17,10,5,1.969550e+02
17,10,10,1.225934e+02
17,10,20,1.086603e+02
17,10,30,1.059657e+02
17,10,40,7.960868e+01
17,10,50,7.752410e+01
17,10,60,7.551456e+01
17,10,70,7.546815e+01
17,10,80,7.535674e+01
17,10,90,7.513476e+01
17,10,100,7.485384e+01
17,10,1,1.583478e+02
17,10,2,1.546375e+02
17,10,3,1.282179e+02
17,10,5,1.235487e+02
17,10,10,1.228192e+02
17,10,20,6.412598e+01
17,10,30,4.528254e+01
17,10,40,4.461907e+01
17,10,50,4.441398e+01
17,10,60,4.411157e+01
17,10,70,4.313064e+01
17,10,80,4.312768e+01
17,10,90,4.303795e+01
17,10,100,4.273889e+01
17,10,1,2.930509e+02
17,10,2,2.888056e+02
17,10,3,2.622328e+02
17,10,5,1.061090e+02
17,10,10,7.351169e+01
17,10,20,7.066708e+01
17,10,30,6.633763e+01
17,10,40,6.621833e+01
17,10,50,6.619617e+01
17,10,60,6.595257e+01
17,10,70,6.482459e+01
17,10,80,6.459502e+01
17,10,90,6.441584e+01
17,10,100,6.424911e+01
17,10,1,2.072380e+02
17,10,2,1.709814e+02
17,10,3,1.702962e+02
17,10,5,1.696778e+02
17,10,10,8.953104e+01
17,10,20,8.619305e+01
17,10,30,8.279921e+01
17,10,40,8.060803e+01
17,10,50,8.035215e+01
17,10,60,7.996905e+01
17,10,70,7.873985e+01
17,10,80,7.822677e+01
17,10,90,7.819832e+01
17,10,100,7.807463e+01
17,10,1,2.855917e+02
17,10,2,2.427877e+02
17,10,3,1.337949e+02
17,10,5,8.224403e+01
17,10,10,6.918478e+01
17,10,20,6.282644e+01
17,10,30,6.121286e+01
17,10,40,5.917210e+01
17,10,50,5.851951e+01
17,10,60,5.779836e+01
17,10,70,5.573803e+01
17,10,80,5.560673e+01
17,10,90,5.537527e+01
17,10,100,5.535326e+01
17,10,1,2.011401e+02
17,10,2,1.977119e+02
17,10,3,1.909018e+02
17,10,5,1.213487e+02
17,10,10,1.069646e+02
17,10,20,9.505281e+01
17,10,30,9.480294e+01
17,10,40,9.480294e+01
17,10,50,9.168083e+01
17,10,60,9.091994e+01
17,10,70,8.761893e+01
17,10,80,8.266470e+01
17,10,90,8.247432e+01
17,10,100,7.936750e+01
17,10,1,2.849527e+02
17,10,2,2.842956e+02
17,10,3,2.024214e+02
17,10,5,1.164686e+02
17,10,10,8.506579e+01
17,10,20,8.041276e+01
17,10,30,7.624155e+01
17,10,40,7.535619e+01
17,10,50,6.682905e+01
17,10,60,6.584908e+01
17,10,70,6.473978e+01
17,10,80,6.403353e+01
17,10,90,6.326761e+01
17,10,100,6.249017e+01
17,10,1,2.426797e+02
17,10,2,2.411137e+02
17,10,3,2.410409e+02
17,10,5,2.037524e+02
17,10,10,8.393879e+01
17,10,20,8.113686e+01
17,10,30,6.593171e+01
17,10,40,6.364338e+01
17,10,50,6.360887e+01
17,10,60,6.303158e+01
17,10,70,6.268652e+01
17,10,80,6.266321e+01
17,10,90,6.242616e+01
17,10,100,6.235437e+01
17,10,1,2.071671e+02
17,10,2,2.071671e+02
17,10,3,1.977343e+02
17,10,5,1.312191e+02
17,10,10,1.064717e+02
17,10,20,7.538223e+01
17,10,30,7.271381e+01
17,10,40,7.130898e+01
17,10,50,6.981481e+01
17,10,60,6.977849e+01
17,10,70,6.814473e+01
17,10,80,6.748601e+01
17,10,90,6.748436e+01
17,10,100,6.748428e+01
17,10,1,2.973891e+02
17,10,2,2.097979e+02
17,10,3,2.096728e+02
17,10,5,1.387587e+02
17,10,10,9.324522e+01
17,10,20,7.022630e+01
17,10,30,6.795554e+01
17,10,40,6.663283e+01
17,10,50,6.539764e+01
17,10,60,6.456847e+01
17,10,70,6.440206e+01
17,10,80,6.423807e+01
17,10,90,6.421817e+01
17,10,100,6.410857e+01
17,10,1,1.918086e+02
17,10,2,1.829337e+02
17,10,3,1.817120e+02
17,10,5,1.140291e+02
17,10,10,8.964279e+01
17,10,20,6.723303e+01
17,10,30,6.635778e+01
17,10,40,6.580123e+01
17,10,50,6.513262e+01
17,10,60,6.498991e+01
17,10,70,6.467417e+01
17,10,80,6.423737e+01
17,10,90,6.246135e+01
17,10,100,6.066948e+01
17,10,1,1.766746e+02
17,10,2,1.706251e+02
17,10,3,1.240947e+02
17,10,5,9.523194e+01
17,10,10,8.539942e+01
17,10,20,7.947421e+01
17,10,30,7.018377e+01
17,10,40,6.901273e+01
17,10,50,6.604794e+01
17,10,60,6.313443e+01
17,10,70,6.037442e+01
17,10,80,6.008168e+01
17,10,90,5.991467e+01
17,10,100,5.686525e+01
17,10,1,3.825232e+02
17,10,2,9.911140e+01
17,10,3,8.973617e+01
17,10,5,8.558345e+01
17,10,10,8.373291e+01
17,10,20,7.052348e+01
17,10,30,6.984251e+01
17,10,40,6.857336e+01
17,10,50,6.715412e+01
17,10,60,6.663221e+01
17,10,70,6.574580e+01
17,10,80,6.574580e+01
17,10,90,6.572063e+01
17,10,100,6.566037e+01
17,10,1,2.551313e+02
17,10,2,2.525762e+02
17,10,3,1.330100e+02
17,10,5,1.135304e+02
17,10,10,7.645555e+01
17,10,20,7.324692e+01
17,10,30,6.023652e+01
17,10,40,5.139566e+01
17,10,50,4.973565e+01
17,10,60,4.925209e+01
17,10,70,4.844031e+01
17,10,80,4.791741e+01
17,10,90,4.752116e+01
17,10,100,4.744442e+01
17,10,1,1.259177e+02
17,10,2,1.004358e+02
17,10,3,8.885648e+01
17,10,5,8.483033e+01
17,10,10,6.714993e+01
17,10,20,6.637682e+01
17,10,30,6.339353e+01
17,10,40,6.307271e+01
17,10,50,6.303315e+01
17,10,60,6.303302e+01
17,10,70,6.270327e+01
17,10,80,6.266955e+01
17,10,90,6.261133e+01
17,10,100,6.245166e+01
17,10,1,4.432055e+02
17,10,2,2.690031e+02
17,10,3,2.678788e+02
17,10,5,1.399325e+02
17,10,10,7.235194e+01
17,10,20,6.907073e+01
17,10,30,6.771395e+01
17,10,40,6.727539e+01
17,10,50,6.708593e+01
17,10,60,6.646808e+01
17,10,70,6.599274e+01
17,10,80,6.569381e+01
17,10,90,6.519579e+01
17,10,100,6.501771e+01
17,10,1,4.078534e+02
17,10,2,3.835681e+02
17,10,3,3.043739e+02
17,10,5,2.983142e+02
17,10,10,1.165469e+02
17,10,20,1.073500e+02
17,10,30,8.542128e+01
17,10,40,8.457263e+01
17,10,50,8.353413e+01
17,10,60,8.341323e+01
17,10,70,8.278586e+01
17,10,80,8.180866e+01
17,10,90,8.172967e+01
17,10,100,8.160027e+01
17,10,1,2.532411e+02
17,10,2,2.515530e+02
17,10,3,1.845510e+02
17,10,5,9.259154e+01
17,10,10,8.451887e+01
17,10,20,7.630007e+01
17,10,30,6.059898e+01
17,10,40,3.597321e+01
17,10,50,3.275079e+01
17,10,60,3.221918e+01
17,10,70,3.165590e+01
17,10,80,3.165590e+01
17,10,90,3.123577e+01
17,10,100,3.085807e+01
17,10,1,2.484486e+02
17,10,2,2.139806e+02
17,10,3,1.563759e+02
17,10,5,1.550035e+02
17,10,10,1.181485e+02
17,10,20,1.160574e+02
17,10,30,9.899715e+01
17,10,40,9.844002e+01
17,10,50,9.527880e+01
17,10,60,9.338011e+01
17,10,70,9.223242e+01
17,10,80,8.937898e+01
17,10,90,8.911478e+01
17,10,100,8.836782e+01
17,10,1,2.125552e+02
17,10,2,2.125552e+02
17,10,3,1.893910e+02
17,10,5,1.296789e+02
17,10,10,7.657803e+01
17,10,20,7.189802e+01
17,10,30,6.975185e+01
17,10,40,6.880143e+01
17,10,50,6.837393e+01
17,10,60,4.892551e+01
17,10,70,4.826541e+01
17,10,80,4.706812e+01
17,10,90,4.684279e+01
17,10,100,4.682169e+01
17,10,1,2.296535e+02
17,10,2,2.190383e+02
17,10,3,1.751124e+02
17,10,5,1.487203e+02
17,10,10,1.315830e+02
17,10,20,1.099613e+02
17,10,30,6.796758e+01
17,10,40,6.707080e+01
17,10,50,6.666455e+01
17,10,60,6.468391e+01
17,10,70,6.460694e+01
17,10,80,6.309976e+01
17,10,90,6.200716e+01
17,10,100,6.146781e+01
17,10,1,1.675855e+02
17,10,2,1.658996e+02
17,10,3,1.585398e+02
17,10,5,1.223921e+02
17,10,10,7.654681e+01
17,10,20,7.365666e+01
17,10,30,6.191140e+01
17,10,40,6.084958e+01
17,10,50,5.837814e+01
17,10,60,5.725218e+01
17,10,70,5.716465e+01
17,10,80,5.712345e+01
17,10,90,5.671100e+01
17,10,100,5.667211e+01
17,10,1,3.593352e+02
17,10,2,2.488885e+02
17,10,3,1.954166e+02
17,10,5,1.782821e+02
17,10,10,1.306236e+02
17,10,20,1.164195e+02
17,10,30,7.618606e+01
17,10,40,6.664806e+01
17,10,50,6.550148e+01
17,10,60,6.517380e+01
17,10,70,6.507512e+01
17,10,80,6.486410e+01
17,10,90,6.451839e+01
17,10,100,6.404800e+01
17,10,1,2.607026e+02
17,10,2,2.495498e+02
17,10,3,2.330073e+02
17,10,5,2.158900e+02
17,10,10,8.333346e+01
17,10,20,7.800416e+01
17,10,30,7.735444e+01
17,10,40,7.668525e+01
17,10,50,7.652346e+01
17,10,60,7.652346e+01
17,10,70,7.590809e+01
17,10,80,7.539389e+01
17,10,90,7.534176e+01
17,10,100,7.533739e+01
17,10,1,2.253415e+02
17,10,2,2.249660e+02
17,10,3,2.231674e+02
17,10,5,1.818887e+02
17,10,10,9.588266e+01
17,10,20,9.114423e+01
17,10,30,9.093774e+01
17,10,40,9.048678e+01
17,10,50,8.927383e+01
17,10,60,8.812769e+01
17,10,70,8.755624e+01
17,10,80,8.746157e+01
17,10,90,8.325062e+01
17,10,100,8.303693e+01
17,10,1,2.289660e+02
17,10,2,2.223954e+02
17,10,3,2.223954e+02
17,10,5,1.866386e+02
17,10,10,8.114821e+01
17,10,20,7.786296e+01
17,10,30,7.681089e+01
17,10,40,7.677416e+01
17,10,50,7.616186e+01
17,10,60,7.604346e+01
17,10,70,7.588255e+01
17,10,80,7.573658e+01
17,10,90,7.506737e+01
17,10,100,7.477826e+01
17,10,1,1.284716e+02
17,10,2,1.284716e+02
17,10,3,1.284551e+02
17,10,5,1.282714e+02
17,10,10,1.106188e+02
17,10,20,1.070554e+02
17,10,30,7.251102e+01
17,10,40,6.480318e+01
17,10,50,6.396417e+01
17,10,60,6.303775e+01
17,10,70,6.277712e+01
17,10,80,6.243486e+01
17,10,90,6.179653e+01
17,10,100,6.155014e+01
17,10,1,1.650632e+02
17,10,2,1.329041e+02
17,10,3,1.200687e+02
17,10,5,9.820033e+01
17,10,10,7.332402e+01
17,10,20,7.121388e+01
17,10,30,7.019888e+01
17,10,40,6.985470e+01
17,10,50,6.960301e+01
17,10,60,6.887903e+01
17,10,70,6.881837e+01
17,10,80,6.881837e+01
17,10,90,6.881837e+01
17,10,100,6.853166e+01
17,10,1,3.335213e+02
17,10,2,2.116503e+02
17,10,3,1.656615e+02
17,10,5,1.615608e+02
17,10,10,1.136683e+02
17,10,20,9.786775e+01
17,10,30,9.279981e+01
17,10,40,8.987567e+01
17,10,50,8.695733e+01
17,10,60,8.559904e+01
17,10,70,8.298073e+01
17,10,80,8.255879e+01
17,10,90,8.223939e+01
17,10,100,7.880262e+01
17,10,1,2.775203e+02
17,10,2,2.289021e+02
17,10,3,1.653344e+02
17,10,5,1.362536e+02
17,10,10,9.073618e+01
17,10,20,7.947055e+01
17,10,30,6.589209e+01
17,10,40,6.353577e+01
17,10,50,6.333793e+01
17,10,60,6.291639e+01
17,10,70,6.226526e+01
17,10,80,6.223627e+01
17,10,90,6.191049e+01
17,10,100,6.178429e+01
17,10,1,3.283221e+02
17,10,2,1.776864e+02
17,10,3,1.642979e+02
17,10,5,1.319348e+02
17,10,10,8.952476e+01
17,10,20,8.540441e+01
17,10,30,8.243174e+01
17,10,40,7.854035e+01
17,10,50,7.587627e+01
17,10,60,7.537397e+01
17,10,70,7.508057e+01
17,10,80,7.380520e+01
17,10,90,7.341616e+01
17,10,100,7.304738e+01
