funcid,dim,milestone,error
24,50,1,2.069351e+03
24,50,2,1.696330e+03
24,50,3,1.595581e+03
24,50,5,1.281451e+03
24,50,10,1.267667e+03
24,50,20,1.261822e+03
24,50,30,1.256321e+03
24,50,40,1.249983e+03
24,50,50,1.245410e+03
24,50,60,1.240044e+03
24,50,70,1.234860e+03
24,50,80,1.230289e+03
24,50,90,1.222939e+03
24,50,100,1.218207e+03
24,50,1,2.431869e+03
24,50,2,1.758792e+03
24,50,3,1.646899e+03
24,50,5,1.519652e+03
24,50,10,1.285820e+03
24,50,20,1.274662e+03
24,50,30,1.268789e+03
24,50,40,1.262698e+03
24,50,50,1.256115e+03
24,50,60,1.245615e+03
24,50,70,1.238756e+03
24,50,80,1.234469e+03
24,50,90,1.223632e+03
24,50,100,1.210060e+03
24,50,1,2.394769e+03
24,50,2,1.941854e+03
24,50,3,1.692657e+03
24,50,5,1.440627e+03
24,50,10,1.203477e+03
24,50,20,1.189336e+03
24,50,30,1.182860e+03
24,50,40,1.170204e+03
24,50,50,1.161977e+03
24,50,60,1.153631e+03
24,50,70,1.144536e+03
24,50,80,1.132945e+03
24,50,90,1.126941e+03
24,50,100,1.121210e+03
24,50,1,1.806361e+03
24,50,2,1.712583e+03
24,50,3,1.698140e+03
24,50,5,1.629055e+03
24,50,10,1.473086e+03
24,50,20,1.430816e+03
24,50,30,1.424654e+03
24,50,40,1.417508e+03
24,50,50,1.409475e+03
24,50,60,1.402388e+03
24,50,70,1.396199e+03
24,50,80,1.388440e+03
24,50,90,1.383640e+03
24,50,100,1.370213e+03
24,50,1,2.396374e+03
24,50,2,1.903068e+03
24,50,3,1.586858e+03
24,50,5,1.274613e+03
24,50,10,1.263070e+03
24,50,20,1.246032e+03
24,50,30,1.241116e+03
24,50,40,1.232604e+03
24,50,50,1.229275e+03
24,50,60,1.225275e+03
24,50,70,1.222237e+03
24,50,80,1.217466e+03
24,50,90,1.211006e+03
24,50,100,1.207152e+03
24,50,1,2.242113e+03
24,50,2,1.750615e+03
24,50,3,1.401702e+03
24,50,5,1.390377e+03
24,50,10,1.375742e+03
24,50,20,1.260262e+03
24,50,30,1.225687e+03
24,50,40,1.219867e+03
24,50,50,1.207647e+03
24,50,60,1.197121e+03
24,50,70,1.192356e+03
24,50,80,1.184061e+03
24,50,90,1.177530e+03
24,50,100,1.169833e+03
24,50,1,2.207658e+03
24,50,2,1.809385e+03
24,50,3,1.642777e+03
24,50,5,1.339014e+03
24,50,10,1.213166e+03
24,50,20,1.193731e+03
24,50,30,1.189234e+03
24,50,40,1.181852e+03
24,50,50,1.177549e+03
24,50,60,1.175118e+03
24,50,70,1.169720e+03
24,50,80,1.164012e+03
24,50,90,1.158566e+03
24,50,100,1.154620e+03
24,50,1,1.874971e+03
24,50,2,1.851095e+03
24,50,3,1.610932e+03
24,50,5,1.348154e+03
24,50,10,1.311584e+03
24,50,20,1.290087e+03
24,50,30,1.280770e+03
24,50,40,1.269869e+03
24,50,50,1.265322e+03
24,50,60,1.256742e+03
24,50,70,1.248476e+03
24,50,80,1.243874e+03
24,50,90,1.238716e+03
24,50,100,1.231767e+03
24,50,1,1.988148e+03
24,50,2,1.698869e+03
24,50,3,1.632467e+03
24,50,5,1.524811e+03
24,50,10,1.313354e+03
24,50,20,1.289327e+03
24,50,30,1.280452e+03
24,50,40,1.271979e+03
24,50,50,1.268119e+03
24,50,60,1.261280e+03
24,50,70,1.255755e+03
24,50,80,1.249211e+03
24,50,90,1.243057e+03
24,50,100,1.238279e+03
24,50,1,2.052003e+03
24,50,2,1.685190e+03
24,50,3,1.682968e+03
24,50,5,1.615132e+03
24,50,10,1.172985e+03
24,50,20,1.154601e+03
24,50,30,1.148763e+03
24,50,40,1.144397e+03
24,50,50,1.137975e+03
24,50,60,1.130958e+03
24,50,70,1.126200e+03
24,50,80,1.119084e+03
24,50,90,1.111119e+03
24,50,100,1.106596e+03
24,50,1,2.025604e+03
24,50,2,1.585356e+03
24,50,3,1.393037e+03
24,50,5,1.372862e+03
24,50,10,1.364110e+03
24,50,20,1.358860e+03
24,50,30,1.354773e+03
24,50,40,1.350407e+03
24,50,50,1.341558e+03
24,50,60,1.335959e+03
24,50,70,1.318470e+03
24,50,80,1.312201e+03
24,50,90,1.307789e+03
24,50,100,1.301534e+03
24,50,1,2.014401e+03
24,50,2,1.797536e+03
24,50,3,1.709332e+03
24,50,5,1.418228e+03
24,50,10,1.389756e+03
24,50,20,1.383213e+03
24,50,30,1.378268e+03
24,50,40,1.372897e+03
24,50,50,1.369098e+03
24,50,60,1.366101e+03
24,50,70,1.360175e+03
24,50,80,1.355149e+03
24,50,90,1.349611e+03
24,50,100,1.344218e+03
24,50,1,2.309233e+03
24,50,2,1.829867e+03
24,50,3,1.599045e+03
24,50,5,1.422110e+03
24,50,10,1.347356e+03
24,50,20,1.335760e+03
24,50,30,1.332239e+03
24,50,40,1.325686e+03
24,50,50,1.321670e+03
24,50,60,1.315167e+03
24,50,70,1.311739e+03
24,50,80,1.306276e+03
24,50,90,1.301907e+03
24,50,100,1.296303e+03
24,50,1,2.254529e+03
24,50,2,1.856080e+03
24,50,3,1.571790e+03
24,50,5,1.529678e+03
24,50,10,1.256904e+03
24,50,20,1.253142e+03
24,50,30,1.242779e+03
24,50,40,1.235794e+03
24,50,50,1.229011e+03
24,50,60,1.221221e+03
24,50,70,1.217822e+03
24,50,80,1.210536e+03
24,50,90,1.204831e+03
24,50,100,1.196423e+03
24,50,1,2.183247e+03
24,50,2,1.853740e+03
24,50,3,1.687781e+03
24,50,5,1.497914e+03
24,50,10,1.422661e+03
24,50,20,1.348777e+03
24,50,30,1.334077e+03
24,50,40,1.327599e+03
24,50,50,1.319196e+03
24,50,60,1.314116e+03
24,50,70,1.308723e+03
24,50,80,1.303623e+03
24,50,90,1.297466e+03
24,50,100,1.287822e+03
24,50,1,2.387571e+03
24,50,2,1.776079e+03
24,50,3,1.707297e+03
24,50,5,1.527208e+03
24,50,10,1.498549e+03
24,50,20,1.490084e+03
24,50,30,1.483733e+03
24,50,40,1.478715e+03
24,50,50,1.472727e+03
24,50,60,1.466483e+03
24,50,70,1.460894e+03
24,50,80,1.455397e+03
24,50,90,1.451442e+03
24,50,100,1.441916e+03
24,50,1,1.916690e+03
24,50,2,1.803407e+03
24,50,3,1.584638e+03
24,50,5,1.557437e+03
24,50,10,1.520032e+03
24,50,20,1.356931e+03
24,50,30,1.349683e+03
24,50,40,1.340961e+03
24,50,50,1.337512e+03
24,50,60,1.329055e+03
24,50,70,1.324167e+03
24,50,80,1.317579e+03
24,50,90,1.313849e+03
24,50,100,1.310825e+03
24,50,1,2.422779e+03
24,50,2,1.660486e+03
24,50,3,1.636527e+03
24,50,5,1.495786e+03
24,50,10,1.359164e+03
24,50,20,1.343860e+03
24,50,30,1.332273e+03
24,50,40,1.325607e+03
24,50,50,1.316517e+03
24,50,60,1.303892e+03
24,50,70,1.299554e+03
24,50,80,1.295491e+03
24,50,90,1.288340e+03
24,50,100,1.282746e+03
24,50,1,2.480402e+03
24,50,2,1.772194e+03
24,50,3,1.551208e+03
24,50,5,1.373932e+03
24,50,10,1.362344e+03
24,50,20,1.351984e+03
24,50,30,1.344374e+03
24,50,40,1.339138e+03
24,50,50,1.328325e+03
24,50,60,1.318380e+03
24,50,70,1.307143e+03
24,50,80,1.303877e+03
24,50,90,1.299282e+03
24,50,100,1.290555e+03
24,50,1,2.179392e+03
24,50,2,1.824434e+03
24,50,3,1.689737e+03
24,50,5,1.674839e+03
24,50,10,1.501956e+03
24,50,20,1.475314e+03
24,50,30,1.464018e+03
24,50,40,1.458175e+03
24,50,50,1.452726e+03
24,50,60,1.447275e+03
24,50,70,1.434863e+03
24,50,80,1.425165e+03
24,50,90,1.414240e+03
24,50,100,1.409239e+03
24,50,1,2.301685e+03
24,50,2,1.833008e+03
24,50,3,1.693284e+03
24,50,5,1.519312e+03
24,50,10,1.297709e+03
24,50,20,1.274347e+03
24,50,30,1.270370e+03
24,50,40,1.258410e+03
24,50,50,1.256392e+03
24,50,60,1.251453e+03
24,50,70,1.246405e+03
24,50,80,1.239668e+03
24,50,90,1.235461e+03
24,50,100,1.230796e+03
24,50,1,2.225677e+03
24,50,2,1.785685e+03
24,50,3,1.482806e+03
24,50,5,1.283211e+03
24,50,10,1.206602e+03
24,50,20,1.167143e+03
24,50,30,1.160048e+03
24,50,40,1.154566e+03
24,50,50,1.148481e+03
24,50,60,1.145077e+03
24,50,70,1.139541e+03
24,50,80,1.132427e+03
24,50,90,1.127121e+03
24,50,100,1.125302e+03
24,50,1,2.242311e+03
24,50,2,1.769779e+03
24,50,3,1.640690e+03
24,50,5,1.504785e+03
24,50,10,1.326508e+03
24,50,20,1.308405e+03
24,50,30,1.299182e+03
24,50,40,1.288550e+03
24,50,50,1.281363e+03
24,50,60,1.274906e+03
24,50,70,1.268541e+03
24,50,80,1.261048e+03
24,50,90,1.254479e+03
24,50,100,1.247441e+03
24,50,1,2.110579e+03
24,50,2,1.777756e+03
24,50,3,1.677692e+03
24,50,5,1.390279e+03
24,50,10,1.324920e+03
24,50,20,1.269075e+03
24,50,30,1.265298e+03
24,50,40,1.260334e+03
24,50,50,1.254884e+03
24,50,60,1.244933e+03
24,50,70,1.238231e+03
24,50,80,1.234233e+03
24,50,90,1.226664e+03
24,50,100,1.220295e+03
24,50,1,2.652252e+03
24,50,2,1.781031e+03
24,50,3,1.478193e+03
24,50,5,1.459168e+03
24,50,10,1.388441e+03
24,50,20,1.341751e+03
24,50,30,1.330379e+03
24,50,40,1.319719e+03
24,50,50,1.311736e+03
24,50,60,1.303986e+03
24,50,70,1.297292e+03
24,50,80,1.287157e+03
24,50,90,1.282973e+03
24,50,100,1.273449e+03
24,50,1,2.053573e+03
24,50,2,1.890445e+03
24,50,3,1.530578e+03
24,50,5,1.448188e+03
24,50,10,1.391615e+03
24,50,20,1.361854e+03
24,50,30,1.308867e+03
24,50,40,1.303365e+03
24,50,50,1.294378e+03
24,50,60,1.286126e+03
24,50,70,1.279987e+03
24,50,80,1.275394e+03
24,50,90,1.267825e+03
24,50,100,1.261185e+03
24,50,1,2.127837e+03
24,50,2,1.850194e+03
24,50,3,1.585611e+03
24,50,5,1.416580e+03
24,50,10,1.273577e+03
24,50,20,1.248611e+03
24,50,30,1.243634e+03
24,50,40,1.239711e+03
24,50,50,1.235158e+03
24,50,60,1.230922e+03
24,50,70,1.225846e+03
24,50,80,1.222547e+03
24,50,90,1.219208e+03
24,50,100,1.215559e+03
24,50,1,2.334004e+03
24,50,2,1.778890e+03
24,50,3,1.547400e+03
24,50,5,1.385838e+03
24,50,10,1.331338e+03
24,50,20,1.324656e+03
24,50,30,1.317240e+03
24,50,40,1.312077e+03
24,50,50,1.306567e+03
24,50,60,1.301319e+03
24,50,70,1.296038e+03
24,50,80,1.291340e+03
24,50,90,1.287380e+03
24,50,100,1.281758e+03
24,50,1,2.089172e+03
24,50,2,1.818122e+03
24,50,3,1.555603e+03
24,50,5,1.510180e+03
24,50,10,1.479323e+03
24,50,20,1.471951e+03
24,50,30,1.460769e+03
24,50,40,1.451201e+03
24,50,50,1.444011e+03
24,50,60,1.439885e+03
24,50,70,1.434567e+03
24,50,80,1.431036e+03
24,50,90,1.425987e+03
24,50,100,1.416771e+03
24,50,1,2.187450e+03
24,50,2,1.767171e+03
24,50,3,1.448168e+03
24,50,5,1.400170e+03
24,50,10,1.301605e+03
24,50,20,1.238571e+03
24,50,30,1.232428e+03
24,50,40,1.225522e+03
24,50,50,1.216121e+03
24,50,60,1.210738e+03
24,50,70,1.205046e+03
24,50,80,1.197812e+03
24,50,90,1.193471e+03
24,50,100,1.186617e+03
24,50,1,2.407557e+03
24,50,2,1.896509e+03
24,50,3,1.810921e+03
24,50,5,1.499206e+03
24,50,10,1.344052e+03
24,50,20,1.276410e+03
24,50,30,1.269578e+03
24,50,40,1.263370e+03
24,50,50,1.254114e+03
24,50,60,1.242447e+03
24,50,70,1.236639e+03
24,50,80,1.230475e+03
24,50,90,1.220281e+03
24,50,100,1.206654e+03
