funcid,dim,milestone,error
20,10,1,4.318425e+02
20,10,2,4.081847e+02
20,10,3,2.275475e+02
20,10,5,1.828769e+02
20,10,10,1.606869e+02
20,10,20,8.594489e+01
20,10,30,8.503937e+01
20,10,40,7.973622e+01
20,10,50,7.941935e+01
20,10,60,7.905007e+01
20,10,70,7.884793e+01
20,10,80,7.871714e+01
20,10,90,7.860279e+01
20,10,100,7.855135e+01
20,10,1,3.280211e+02
20,10,2,2.921805e+02
20,10,3,2.651346e+02
20,10,5,1.164508e+02
20,10,10,1.066134e+02
20,10,20,8.872674e+01
20,10,30,8.548893e+01
20,10,40,8.311614e+01
20,10,50,8.080183e+01
20,10,60,8.022371e+01
20,10,70,7.954685e+01
20,10,80,7.954685e+01
20,10,90,7.885219e+01
20,10,100,7.802203e+01
20,10,1,3.593197e+02
20,10,2,3.588704e+02
20,10,3,3.341988e+02
20,10,5,1.579209e+02
20,10,10,1.328598e+02
20,10,20,9.193754e+01
20,10,30,8.917137e+01
20,10,40,8.866154e+01
20,10,50,8.666455e+01
20,10,60,8.299694e+01
20,10,70,8.278823e+01
20,10,80,7.965430e+01
20,10,90,7.763007e+01
20,10,100,7.762577e+01
20,10,1,3.940325e+02
20,10,2,3.909914e+02
20,10,3,3.079217e+02
20,10,5,2.048407e+02
20,10,10,1.500655e+02
20,10,20,6.107162e+01
20,10,30,4.222114e+01
20,10,40,3.761947e+01
20,10,50,3.637776e+01
20,10,60,3.553877e+01
20,10,70,3.383273e+01
20,10,80,3.045034e+01
20,10,90,3.009485e+01
20,10,100,3.003055e+01
20,10,1,4.429486e+02
20,10,2,2.925863e+02
20,10,3,2.606266e+02
20,10,5,8.297320e+01
20,10,10,6.477636e+01
20,10,20,5.929419e+01
20,10,30,5.853249e+01
20,10,40,5.808146e+01
20,10,50,5.786141e+01
20,10,60,5.764082e+01
20,10,70,5.642140e+01
20,10,80,5.638858e+01
20,10,90,5.632291e+01
20,10,100,5.632017e+01
20,10,1,2.564937e+02
20,10,2,2.546096e+02
20,10,3,1.593233e+02
20,10,5,1.312667e+02
20,10,10,8.703252e+01
20,10,20,7.628924e+01
20,10,30,7.433153e+01
20,10,40,7.294034e+01
20,10,50,7.215870e+01
20,10,60,7.107248e+01
20,10,70,7.066955e+01
20,10,80,7.026313e+01
20,10,90,7.021951e+01
20,10,100,7.016999e+01
20,10,1,1.687416e+02
20,10,2,1.653550e+02
20,10,3,1.627690e+02
20,10,5,1.437766e+02
20,10,10,1.162959e+02
20,10,20,1.045515e+02
20,10,30,1.029392e+02
20,10,40,1.016745e+02
20,10,50,9.442393e+01
20,10,60,9.392777e+01
20,10,70,9.338834e+01
20,10,80,9.305524e+01
20,10,90,9.200180e+01
20,10,100,9.103825e+01
20,10,1,3.889999e+02
20,10,2,3.778179e+02
20,10,3,2.948405e+02
20,10,5,2.824980e+02
20,10,10,1.397074e+02
20,10,20,8.602051e+01
20,10,30,8.201326e+01
20,10,40,7.644194e+01
20,10,50,7.261612e+01
20,10,60,7.167636e+01
20,10,70,7.085617e+01
20,10,80,7.063083e+01
20,10,90,7.058888e+01
20,10,100,6.823150e+01
20,10,1,2.868405e+02
20,10,2,2.716817e+02
20,10,3,2.592284e+02
20,10,5,2.321516e+02
20,10,10,1.055708e+02
20,10,20,9.078954e+01
20,10,30,8.177652e+01
20,10,40,8.076299e+01
20,10,50,8.049814e+01
20,10,60,7.953268e+01
20,10,70,7.790365e+01
20,10,80,7.437924e+01
20,10,90,7.383585e+01
20,10,100,7.279619e+01
20,10,1,3.555333e+02
20,10,2,2.953636e+02
20,10,3,2.612037e+02
20,10,5,2.534418e+02
20,10,10,1.223376e+02
20,10,20,9.496411e+01
20,10,30,8.003918e+01
20,10,40,6.929378e+01
20,10,50,6.653863e+01
20,10,60,6.377413e+01
20,10,70,6.099083e+01
20,10,80,6.031548e+01
20,10,90,5.990170e+01
20,10,100,5.980241e+01
20,10,1,2.951195e+02
20,10,2,2.810557e+02
20,10,3,2.644785e+02
20,10,5,2.507848e+02
20,10,10,1.560889e+02
20,10,20,8.767626e+01
20,10,30,8.628536e+01
20,10,40,8.611869e+01
20,10,50,8.538611e+01
20,10,60,8.461428e+01
20,10,70,8.383434e+01
20,10,80,8.280649e+01
20,10,90,8.232219e+01
20,10,100,7.835073e+01
20,10,1,3.824487e+02
20,10,2,3.628210e+02
20,10,3,2.970293e+02
20,10,5,2.529589e+02
20,10,10,2.406675e+02
20,10,20,1.077865e+02
20,10,30,1.062088e+02
20,10,40,9.789125e+01
20,10,50,9.593279e+01
20,10,60,9.479007e+01
20,10,70,9.087921e+01
20,10,80,8.819761e+01
20,10,90,8.529052e+01
20,10,100,8.008096e+01
20,10,1,2.835925e+02
20,10,2,2.791061e+02
20,10,3,2.526416e+02
20,10,5,2.273679e+02
20,10,10,1.457888e+02
20,10,20,1.172453e+02
20,10,30,8.559680e+01
20,10,40,8.240537e+01
20,10,50,8.105580e+01
20,10,60,8.015610e+01
20,10,70,7.857044e+01
20,10,80,7.788827e+01
20,10,90,7.681584e+01
20,10,100,7.648892e+01
20,10,1,4.022670e+02
20,10,2,3.612676e+02
20,10,3,2.204811e+02
20,10,5,2.038687e+02
20,10,10,1.015178e+02
20,10,20,9.755629e+01
20,10,30,9.666156e+01
20,10,40,9.627560e+01
20,10,50,9.605688e+01
20,10,60,9.587660e+01
20,10,70,9.516708e+01
20,10,80,9.403896e+01
20,10,90,9.264019e+01
20,10,100,9.156172e+01
20,10,1,3.553149e+02
20,10,2,2.812568e+02
20,10,3,2.411465e+02
20,10,5,1.375967e+02
20,10,10,1.176830e+02
20,10,20,9.867150e+01
20,10,30,7.418950e+01
20,10,40,7.077746e+01
20,10,50,7.044232e+01
20,10,60,6.902432e+01
20,10,70,6.826845e+01
20,10,80,6.817631e+01
20,10,90,6.793617e+01
20,10,100,6.780975e+01
20,10,1,2.619806e+02
20,10,2,1.695320e+02
20,10,3,9.741631e+01
20,10,5,7.581586e+01
20,10,10,7.452405e+01
20,10,20,6.823792e+01
20,10,30,6.382929e+01
20,10,40,6.171554e+01
20,10,50,6.098853e+01
20,10,60,6.080302e+01
20,10,70,5.943172e+01
20,10,80,5.880156e+01
20,10,90,5.856746e+01
20,10,100,5.832632e+01
20,10,1,2.942185e+02
20,10,2,2.853560e+02
20,10,3,2.660415e+02
20,10,5,1.631714e+02
20,10,10,6.627596e+01
20,10,20,5.296477e+01
20,10,30,5.136368e+01
20,10,40,5.123120e+01
20,10,50,5.069329e+01
20,10,60,5.054386e+01
20,10,70,5.011529e+01
20,10,80,5.011529e+01
20,10,90,4.931246e+01
20,10,100,4.872778e+01
20,10,1,2.056649e+02
20,10,2,2.052606e+02
20,10,3,1.976228e+02
20,10,5,1.315594e+02
20,10,10,1.271620e+02
20,10,20,6.855249e+01
20,10,30,6.341435e+01
20,10,40,6.308348e+01
20,10,50,6.136950e+01
20,10,60,6.132474e+01
20,10,70,5.619954e+01
20,10,80,5.563852e+01
20,10,90,5.557891e+01
20,10,100,5.556535e+01
20,10,1,3.913984e+02
20,10,2,2.703684e+02
20,10,3,2.617677e+02
20,10,5,2.344631e+02
20,10,10,1.326217e+02
20,10,20,9.732991e+01
20,10,30,9.668426e+01
20,10,40,9.592457e+01
20,10,50,9.584160e+01
20,10,60,9.494235e+01
20,10,70,9.435039e+01
20,10,80,9.392054e+01
20,10,90,9.217187e+01
20,10,100,9.206761e+01
20,10,1,4.258927e+02
20,10,2,3.464973e+02
20,10,3,3.212653e+02
20,10,5,8.624349e+01
20,10,10,7.887124e+01
20,10,20,7.586092e+01
20,10,30,7.211561e+01
20,10,40,6.992796e+01
20,10,50,6.938570e+01
20,10,60,6.728805e+01
20,10,70,6.634808e+01
20,10,80,6.462913e+01
20,10,90,6.425165e+01
20,10,100,6.425165e+01
20,10,1,3.779762e+02
20,10,2,3.752583e+02
20,10,3,3.176910e+02
20,10,5,2.586512e+02
20,10,10,1.131173e+02
20,10,20,9.413692e+01
20,10,30,8.923981e+01
20,10,40,8.035718e+01
20,10,50,7.495524e+01
20,10,60,7.303698e+01
20,10,70,7.270452e+01
20,10,80,7.242608e+01
20,10,90,7.022988e+01
20,10,100,6.941540e+01
20,10,1,3.058901e+02
20,10,2,3.047470e+02
20,10,3,2.462220e+02
20,10,5,2.144793e+02
20,10,10,1.243979e+02
20,10,20,1.206642e+02
20,10,30,8.548678e+01
20,10,40,8.317999e+01
20,10,50,8.030875e+01
20,10,60,7.938505e+01
20,10,70,7.788655e+01
20,10,80,7.455873e+01
20,10,90,7.145768e+01
20,10,100,6.548069e+01
20,10,1,3.038036e+02
20,10,2,2.910793e+02
20,10,3,2.602827e+02
20,10,5,1.531634e+02
20,10,10,1.348668e+02
20,10,20,9.051632e+01
20,10,30,8.974119e+01
20,10,40,8.683930e+01
20,10,50,8.630481e+01
20,10,60,8.499029e+01
20,10,70,8.379318e+01
20,10,80,8.148598e+01
20,10,90,8.120176e+01
20,10,100,8.117397e+01
20,10,1,4.244589e+02
20,10,2,3.495084e+02
20,10,3,3.201829e+02
20,10,5,2.921164e+02
20,10,10,2.298067e+02
20,10,20,1.148572e+02
20,10,30,1.018993e+02
20,10,40,9.802598e+01
20,10,50,9.529546e+01
20,10,60,9.388088e+01
20,10,70,9.298721e+01
20,10,80,9.288306e+01
20,10,90,9.284280e+01
20,10,100,9.255287e+01
20,10,1,4.422358e+02
20,10,2,2.682611e+02
20,10,3,2.168914e+02
20,10,5,2.097563e+02
20,10,10,1.008224e+02
20,10,20,9.794272e+01
20,10,30,9.715658e+01
20,10,40,9.588869e+01
20,10,50,8.554023e+01
20,10,60,8.245876e+01
20,10,70,7.108335e+01
20,10,80,6.963564e+01
20,10,90,6.850377e+01
20,10,100,6.763858e+01
20,10,1,3.613448e+02
20,10,2,2.673038e+02
20,10,3,2.664814e+02
20,10,5,2.293565e+02
20,10,10,1.001633e+02
20,10,20,5.428596e+01
20,10,30,5.058193e+01
20,10,40,4.892307e+01
20,10,50,4.700121e+01
20,10,60,4.566171e+01
20,10,70,4.556366e+01
20,10,80,4.543775e+01
20,10,90,4.543775e+01
20,10,100,4.497506e+01
20,10,1,3.528140e+02
20,10,2,2.656122e+02
20,10,3,2.053211e+02
20,10,5,1.535107e+02
20,10,10,1.013211e+02
20,10,20,7.971391e+01
20,10,30,7.794478e+01
20,10,40,7.745367e+01
20,10,50,7.745367e+01
20,10,60,7.745367e+01
20,10,70,7.738243e+01
20,10,80,7.732083e+01
20,10,90,7.728720e+01
20,10,100,7.728720e+01
20,10,1,4.641808e+02
20,10,2,3.241396e+02
20,10,3,2.293502e+02
20,10,5,2.015382e+02
20,10,10,1.820998e+02
20,10,20,1.261561e+02
20,10,30,1.147069e+02
20,10,40,1.132352e+02
20,10,50,1.073436e+02
20,10,60,1.034832e+02
20,10,70,1.028540e+02
20,10,80,9.902510e+01
20,10,90,9.795020e+01
20,10,100,9.645480e+01
20,10,1,3.899241e+02
20,10,2,3.154994e+02
20,10,3,2.947998e+02
20,10,5,2.947885e+02
20,10,10,1.413617e+02
20,10,20,9.453636e+01
20,10,30,9.394632e+01
20,10,40,9.085416e+01
20,10,50,8.995247e+01
20,10,60,8.808725e+01
20,10,70,8.679277e+01
20,10,80,8.499769e+01
20,10,90,8.307919e+01
20,10,100,8.258974e+01
20,10,1,4.921407e+02
20,10,2,2.977159e+02
20,10,3,2.249512e+02
20,10,5,1.115216e+02
20,10,10,9.044085e+01
20,10,20,8.338257e+01
20,10,30,8.087270e+01
20,10,40,7.905631e+01
20,10,50,7.835766e+01
20,10,60,7.705033e+01
20,10,70,7.497530e+01
20,10,80,7.450347e+01
20,10,90,7.380022e+01
20,10,100,7.294720e+01
20,10,1,4.082544e+02
20,10,2,3.833144e+02
20,10,3,3.636384e+02
20,10,5,2.996931e+02
20,10,10,1.226201e+02
20,10,20,1.027086e+02
20,10,30,9.781178e+01
20,10,40,9.766474e+01
20,10,50,9.743853e+01
20,10,60,9.661064e+01
20,10,70,9.661064e+01
20,10,80,9.636933e+01
20,10,90,9.618279e+01
20,10,100,9.605175e+01
