funcid,dim,milestone,error
10,50,1,1.026273e+04
10,50,2,8.727029e+03
10,50,3,8.034582e+03
10,50,5,7.146574e+03
10,50,10,6.742665e+03
10,50,20,6.569657e+03
10,50,30,6.569375e+03
10,50,40,6.569372e+03
10,50,50,6.569372e+03
10,50,60,6.569372e+03
10,50,70,6.569372e+03
10,50,80,6.569372e+03
10,50,90,6.569372e+03
10,50,100,6.569372e+03
10,50,1,9.634830e+03
10,50,2,8.095178e+03
10,50,3,7.501839e+03
10,50,5,6.549466e+03
10,50,10,6.049009e+03
10,50,20,6.025191e+03
10,50,30,6.025134e+03
10,50,40,6.025133e+03
10,50,50,6.025133e+03
10,50,60,6.025133e+03
10,50,70,6.025133e+03
10,50,80,6.025133e+03
10,50,90,6.025133e+03
10,50,100,6.025133e+03
10,50,1,1.113398e+04
10,50,2,9.843265e+03
10,50,3,8.745537e+03
10,50,5,7.293087e+03
10,50,10,6.897963e+03
10,50,20,6.886019e+03
10,50,30,6.885984e+03
10,50,40,6.885984e+03
10,50,50,6.885984e+03
10,50,60,6.885984e+03
10,50,70,6.885984e+03
10,50,80,6.885984e+03
10,50,90,6.885984e+03
10,50,100,6.885984e+03
10,50,1,1.011392e+04
10,50,2,8.694647e+03
10,50,3,8.230309e+03
10,50,5,7.374793e+03
10,50,10,6.973451e+03
10,50,20,6.963592e+03
10,50,30,6.963549e+03
10,50,40,6.963548e+03
10,50,50,6.963547e+03
10,50,60,6.963547e+03
10,50,70,6.963547e+03
10,50,80,6.963547e+03
10,50,90,6.963547e+03
10,50,100,6.963547e+03
10,50,1,9.213817e+03
10,50,2,8.104830e+03
10,50,3,7.069259e+03
10,50,5,6.414843e+03
10,50,10,5.913231e+03
10,50,20,5.353076e+03
10,50,30,5.143695e+03
10,50,40,5.070085e+03
10,50,50,5.004061e+03
10,50,60,4.913326e+03
10,50,70,4.882589e+03
10,50,80,4.828651e+03
10,50,90,4.799654e+03
10,50,100,4.772602e+03
10,50,1,1.104241e+04
10,50,2,9.387393e+03
10,50,3,8.223706e+03
10,50,5,7.363116e+03
10,50,10,6.815862e+03
10,50,20,6.692843e+03
10,50,30,6.668694e+03
10,50,40,6.520337e+03
10,50,50,6.471552e+03
10,50,60,6.414107e+03
10,50,70,6.319526e+03
10,50,80,6.235463e+03
10,50,90,6.156405e+03
10,50,100,6.128340e+03
10,50,1,9.687379e+03
10,50,2,8.803978e+03
10,50,3,7.892311e+03
10,50,5,7.174931e+03
10,50,10,7.008538e+03
10,50,20,6.790217e+03
10,50,30,6.689415e+03
10,50,40,6.647271e+03
10,50,50,6.543595e+03
10,50,60,6.492512e+03
10,50,70,6.394678e+03
10,50,80,6.351045e+03
10,50,90,6.321643e+03
10,50,100,6.296530e+03
10,50,1,1.176352e+04
10,50,2,9.875818e+03
10,50,3,8.401439e+03
10,50,5,7.476118e+03
10,50,10,6.845460e+03
10,50,20,6.039311e+03
10,50,30,6.037527e+03
10,50,40,6.037504e+03
10,50,50,6.037503e+03
10,50,60,6.037503e+03
10,50,70,6.037503e+03
10,50,80,6.037503e+03
10,50,90,6.037503e+03
10,50,100,6.037503e+03
10,50,1,1.094533e+04
10,50,2,9.482338e+03
10,50,3,8.901656e+03
10,50,5,7.405617e+03
10,50,10,6.659155e+03
10,50,20,6.533862e+03
10,50,30,6.395153e+03
10,50,40,6.359969e+03
10,50,50,6.344478e+03
10,50,60,6.321196e+03
10,50,70,6.269225e+03
10,50,80,6.187819e+03
10,50,90,5.952570e+03
10,50,100,5.870183e+03
10,50,1,9.731794e+03
10,50,2,8.014879e+03
10,50,3,7.138146e+03
10,50,5,6.388528e+03
10,50,10,6.128423e+03
10,50,20,6.122904e+03
10,50,30,6.122875e+03
10,50,40,6.122874e+03
10,50,50,6.122874e+03
10,50,60,6.122874e+03
10,50,70,6.122874e+03
10,50,80,6.122874e+03
10,50,90,6.122874e+03
10,50,100,6.122874e+03
10,50,1,1.010482e+04
10,50,2,9.169906e+03
10,50,3,8.633146e+03
10,50,5,8.164975e+03
10,50,10,7.671532e+03
10,50,20,7.243651e+03
10,50,30,7.129844e+03
10,50,40,6.968637e+03
10,50,50,6.896832e+03
10,50,60,6.875839e+03
10,50,70,6.853977e+03
10,50,80,6.786243e+03
10,50,90,6.759983e+03
10,50,100,6.753972e+03
10,50,1,9.834822e+03
10,50,2,8.365450e+03
10,50,3,7.447546e+03
10,50,5,6.611783e+03
10,50,10,5.724202e+03
10,50,20,5.687935e+03
10,50,30,5.687868e+03
10,50,40,5.687867e+03
10,50,50,5.687867e+03
10,50,60,5.687867e+03
10,50,70,5.687867e+03
10,50,80,5.687867e+03
10,50,90,5.687867e+03
10,50,100,5.687867e+03
10,50,1,1.045799e+04
10,50,2,9.533817e+03
10,50,3,8.328063e+03
10,50,5,6.800379e+03
10,50,10,5.454061e+03
10,50,20,5.126073e+03
10,50,30,5.125540e+03
10,50,40,5.125536e+03
10,50,50,5.125536e+03
10,50,60,5.125536e+03
10,50,70,5.125536e+03
10,50,80,5.125536e+03
10,50,90,5.125536e+03
10,50,100,5.125536e+03
10,50,1,1.133013e+04
10,50,2,9.395427e+03
10,50,3,8.843688e+03
10,50,5,7.169938e+03
10,50,10,6.924814e+03
10,50,20,6.665838e+03
10,50,30,6.624483e+03
10,50,40,6.595596e+03
10,50,50,6.566174e+03
10,50,60,6.556382e+03
10,50,70,6.537475e+03
10,50,80,6.529086e+03
10,50,90,6.520996e+03
10,50,100,6.512869e+03
10,50,1,9.494393e+03
10,50,2,6.989987e+03
10,50,3,6.552850e+03
10,50,5,6.490532e+03
10,50,10,6.368574e+03
10,50,20,6.172946e+03
10,50,30,6.045564e+03
10,50,40,5.975430e+03
10,50,50,5.877079e+03
10,50,60,5.841024e+03
10,50,70,5.807224e+03
10,50,80,5.779898e+03
10,50,90,5.754533e+03
10,50,100,5.714189e+03
10,50,1,1.127069e+04
10,50,2,1.030876e+04
10,50,3,9.253977e+03
10,50,5,8.174914e+03
10,50,10,6.829994e+03
10,50,20,6.759145e+03
10,50,30,6.757078e+03
10,50,40,6.756655e+03
10,50,50,4.887438e+03
10,50,60,4.694240e+03
10,50,70,4.674720e+03
10,50,80,4.670517e+03
10,50,90,4.668208e+03
10,50,100,4.666580e+03
10,50,1,1.005448e+04
10,50,2,8.306574e+03
10,50,3,6.848805e+03
10,50,5,6.151006e+03
10,50,10,5.524505e+03
10,50,20,5.368819e+03
10,50,30,5.310666e+03
10,50,40,5.258976e+03
10,50,50,5.244721e+03
10,50,60,5.237711e+03
10,50,70,5.226951e+03
10,50,80,5.222753e+03
10,50,90,5.215375e+03
10,50,100,5.206579e+03
10,50,1,1.092419e+04
10,50,2,8.851263e+03
10,50,3,8.242057e+03
10,50,5,8.177835e+03
10,50,10,7.906977e+03
10,50,20,6.916480e+03
10,50,30,6.654794e+03
10,50,40,6.572750e+03
10,50,50,6.451503e+03
10,50,60,6.382000e+03
10,50,70,6.285439e+03
10,50,80,6.254397e+03
10,50,90,6.234686e+03
10,50,100,6.216911e+03
10,50,1,1.027717e+04
10,50,2,8.477051e+03
10,50,3,7.468490e+03
10,50,5,6.311795e+03
10,50,10,5.825616e+03
10,50,20,5.803652e+03
10,50,30,5.803576e+03
10,50,40,5.803574e+03
10,50,50,5.803574e+03
10,50,60,5.803574e+03
10,50,70,5.803574e+03
10,50,80,5.803574e+03
10,50,90,5.803574e+03
10,50,100,5.803574e+03
10,50,1,1.066057e+04
10,50,2,8.846867e+03
10,50,3,7.976420e+03
10,50,5,7.320180e+03
10,50,10,6.068686e+03
10,50,20,5.731834e+03
10,50,30,5.388862e+03
10,50,40,5.337776e+03
10,50,50,5.274522e+03
10,50,60,5.260257e+03
10,50,70,5.243635e+03
10,50,80,5.227067e+03
10,50,90,5.205699e+03
10,50,100,5.190549e+03
10,50,1,1.124521e+04
10,50,2,8.797658e+03
10,50,3,7.624528e+03
10,50,5,6.690907e+03
10,50,10,6.416613e+03
10,50,20,6.191265e+03
10,50,30,6.128847e+03
10,50,40,6.096814e+03
10,50,50,6.081827e+03
10,50,60,6.059306e+03
10,50,70,6.051364e+03
10,50,80,6.049690e+03
10,50,90,6.046113e+03
10,50,100,6.042728e+03
10,50,1,9.336022e+03
10,50,2,8.232013e+03
10,50,3,7.864314e+03
10,50,5,7.448199e+03
10,50,10,7.155096e+03
10,50,20,7.144220e+03
10,50,30,7.143641e+03
10,50,40,7.143535e+03
10,50,50,7.134511e+03
10,50,60,7.121718e+03
10,50,70,7.114863e+03
10,50,80,7.110410e+03
10,50,90,7.107480e+03
10,50,100,7.106682e+03
10,50,1,1.152066e+04
10,50,2,9.614213e+03
10,50,3,8.985457e+03
10,50,5,7.832883e+03
10,50,10,7.553077e+03
10,50,20,7.428086e+03
10,50,30,7.380174e+03
10,50,40,7.353457e+03
10,50,50,7.319897e+03
10,50,60,7.310075e+03
10,50,70,7.304119e+03
10,50,80,7.298195e+03
10,50,90,7.294433e+03
10,50,100,7.292677e+03
10,50,1,1.087405e+04
10,50,2,9.769523e+03
10,50,3,9.153692e+03
10,50,5,8.361307e+03
10,50,10,7.969621e+03
10,50,20,7.693447e+03
10,50,30,7.450973e+03
10,50,40,7.346635e+03
10,50,50,7.272633e+03
10,50,60,7.210196e+03
10,50,70,7.096889e+03
10,50,80,7.054947e+03
10,50,90,7.023337e+03
10,50,100,7.000066e+03
10,50,1,1.100417e+04
10,50,2,9.507697e+03
10,50,3,8.899820e+03
10,50,5,7.597600e+03
10,50,10,6.822597e+03
10,50,20,6.798451e+03
10,50,30,6.798352e+03
10,50,40,6.798350e+03
10,50,50,6.798350e+03
10,50,60,6.798350e+03
10,50,70,6.798350e+03
10,50,80,6.798350e+03
10,50,90,6.798350e+03
10,50,100,6.798350e+03
10,50,1,1.046271e+04
10,50,2,9.017109e+03
10,50,3,8.797587e+03
10,50,5,7.802615e+03
10,50,10,7.569482e+03
10,50,20,7.563735e+03
10,50,30,7.563544e+03
10,50,40,7.563498e+03
10,50,50,7.563483e+03
10,50,60,7.563477e+03
10,50,70,7.563471e+03
10,50,80,7.563468e+03
10,50,90,7.563467e+03
10,50,100,7.563465e+03
10,50,1,1.035259e+04
10,50,2,8.499556e+03
10,50,3,7.769593e+03
10,50,5,7.308552e+03
10,50,10,5.908472e+03
10,50,20,5.753215e+03
10,50,30,5.703312e+03
10,50,40,5.664575e+03
10,50,50,5.646029e+03
10,50,60,5.633851e+03
10,50,70,5.626872e+03
10,50,80,5.624497e+03
10,50,90,5.620938e+03
10,50,100,5.615827e+03
10,50,1,1.069865e+04
10,50,2,9.567079e+03
10,50,3,8.852163e+03
10,50,5,8.092486e+03
10,50,10,7.493062e+03
10,50,20,7.418315e+03
10,50,30,7.314861e+03
10,50,40,7.278269e+03
10,50,50,7.248792e+03
10,50,60,7.227965e+03
10,50,70,7.213275e+03
10,50,80,7.202233e+03
10,50,90,7.196984e+03
10,50,100,7.193164e+03
10,50,1,1.044177e+04
10,50,2,9.197096e+03
10,50,3,8.621350e+03
10,50,5,7.858448e+03
10,50,10,7.519219e+03
10,50,20,7.425931e+03
10,50,30,7.409753e+03
10,50,40,7.403107e+03
10,50,50,7.396628e+03
10,50,60,7.384109e+03
10,50,70,7.339859e+03
10,50,80,7.264998e+03
10,50,90,7.224931e+03
10,50,100,7.218886e+03
10,50,1,1.074477e+04
10,50,2,1.018857e+04
10,50,3,9.771127e+03
10,50,5,8.430536e+03
10,50,10,8.030163e+03
10,50,20,7.671419e+03
10,50,30,7.459566e+03
10,50,40,7.407050e+03
10,50,50,7.324565e+03
10,50,60,7.293140e+03
10,50,70,7.270935e+03
10,50,80,7.252072e+03
10,50,90,5.772175e+03
10,50,100,4.905659e+03
10,50,1,1.037957e+04
10,50,2,8.900615e+03
10,50,3,8.081938e+03
10,50,5,7.122092e+03
10,50,10,6.730576e+03
10,50,20,6.501952e+03
10,50,30,6.458536e+03
10,50,40,6.408799e+03
10,50,50,6.389319e+03
10,50,60,6.369382e+03
10,50,70,6.348097e+03
10,50,80,6.326510e+03
10,50,90,6.314714e+03
10,50,100,6.291443e+03
