funcid,dim,milestone,error
21,10,1,2.906469e+02
21,10,2,2.751136e+02
21,10,3,2.719855e+02
21,10,5,2.664640e+02
21,10,10,2.111713e+02
21,10,20,2.092199e+02
21,10,30,2.092186e+02
21,10,40,2.092186e+02
21,10,50,2.092186e+02
21,10,60,2.092186e+02
21,10,70,2.092186e+02
21,10,80,2.092186e+02
21,10,90,2.092186e+02
21,10,100,2.092186e+02
21,10,1,1.489092e+02
21,10,2,1.365061e+02
21,10,3,1.362933e+02
21,10,5,1.250351e+02
21,10,10,1.225699e+02
21,10,20,1.187237e+02
21,10,30,1.136679e+02
21,10,40,1.117686e+02
21,10,50,1.108804e+02
21,10,60,1.101704e+02
21,10,70,1.088938e+02
21,10,80,1.070173e+02
21,10,90,1.057903e+02
21,10,100,1.049097e+02
21,10,1,2.462806e+02
21,10,2,2.119848e+02
21,10,3,2.112203e+02
21,10,5,1.725591e+02
21,10,10,1.513426e+02
21,10,20,1.255975e+02
21,10,30,1.196148e+02
21,10,40,1.124152e+02
21,10,50,1.093411e+02
21,10,60,1.084392e+02
21,10,70,1.069282e+02
21,10,80,1.048373e+02
21,10,90,1.039525e+02
21,10,100,1.031739e+02
21,10,1,2.810441e+02
21,10,2,2.722452e+02
21,10,3,2.718879e+02
21,10,5,2.624041e+02
21,10,10,2.393725e+02
21,10,20,2.292459e+02
21,10,30,2.291937e+02
21,10,40,2.291936e+02
21,10,50,2.291936e+02
21,10,60,2.291936e+02
21,10,70,2.291936e+02
21,10,80,2.291936e+02
21,10,90,2.291936e+02
21,10,100,2.291936e+02
21,10,1,2.772440e+02
21,10,2,2.656335e+02
21,10,3,2.656119e+02
21,10,5,2.495015e+02
21,10,10,2.421258e+02
21,10,20,2.361875e+02
21,10,30,2.361642e+02
21,10,40,2.361642e+02
21,10,50,2.361642e+02
21,10,60,2.361642e+02
21,10,70,2.361642e+02
21,10,80,2.361642e+02
21,10,90,2.361642e+02
21,10,100,2.361642e+02
21,10,1,2.193516e+02
21,10,2,2.072937e+02
21,10,3,2.071237e+02
21,10,5,1.760965e+02
21,10,10,1.553093e+02
21,10,20,1.356846e+02
21,10,30,1.230502e+02
21,10,40,1.124422e+02
21,10,50,1.099735e+02
21,10,60,1.084448e+02
21,10,70,1.058327e+02
21,10,80,1.049238e+02
21,10,90,1.042655e+02
21,10,100,1.033812e+02
21,10,1,3.207026e+02
21,10,2,2.960149e+02
21,10,3,2.959243e+02
21,10,5,2.533388e+02
21,10,10,2.396299e+02
21,10,20,1.394571e+02
21,10,30,1.250570e+02
21,10,40,1.177479e+02
21,10,50,1.128705e+02
21,10,60,1.104844e+02
21,10,70,1.093624e+02
21,10,80,1.089421e+02
21,10,90,1.086594e+02
21,10,100,1.082170e+02
21,10,1,2.365732e+02
21,10,2,1.881750e+02
21,10,3,1.876818e+02
21,10,5,1.572127e+02
21,10,10,1.352061e+02
21,10,20,1.199976e+02
21,10,30,1.154411e+02
21,10,40,1.127140e+02
21,10,50,1.101334e+02
21,10,60,1.075682e+02
21,10,70,1.063771e+02
21,10,80,1.056049e+02
21,10,90,1.051906e+02
21,10,100,1.047774e+02
21,10,1,1.854966e+02
21,10,2,1.675762e+02
21,10,3,1.675420e+02
21,10,5,1.568900e+02
21,10,10,1.393387e+02
21,10,20,1.287838e+02
21,10,30,1.217535e+02
21,10,40,1.150861e+02
21,10,50,1.117897e+02
21,10,60,1.099052e+02
21,10,70,1.087653e+02
21,10,80,1.079703e+02
21,10,90,1.073434e+02
21,10,100,1.064967e+02
21,10,1,2.798311e+02
21,10,2,2.666081e+02
21,10,3,2.662924e+02
21,10,5,2.599632e+02
21,10,10,1.892966e+02
21,10,20,1.482667e+02
21,10,30,1.322720e+02
21,10,40,1.152580e+02
21,10,50,1.086919e+02
21,10,60,1.066829e+02
21,10,70,1.059447e+02
21,10,80,1.055480e+02
21,10,90,1.053147e+02
21,10,100,1.050870e+02
21,10,1,1.971538e+02
21,10,2,1.677442e+02
21,10,3,1.676524e+02
21,10,5,1.412230e+02
21,10,10,1.147730e+02
21,10,20,1.106273e+02
21,10,30,1.078736e+02
21,10,40,1.055599e+02
21,10,50,1.045293e+02
21,10,60,1.039707e+02
21,10,70,1.035505e+02
21,10,80,1.031029e+02
21,10,90,1.025808e+02
21,10,100,1.022290e+02
21,10,1,2.803227e+02
21,10,2,2.636387e+02
21,10,3,2.635486e+02
21,10,5,2.125508e+02
21,10,10,1.624497e+02
21,10,20,1.421797e+02
21,10,30,1.321170e+02
21,10,40,1.199197e+02
21,10,50,1.123126e+02
21,10,60,1.104003e+02
21,10,70,1.075933e+02
21,10,80,1.060686e+02
21,10,90,1.050343e+02
21,10,100,1.035626e+02
21,10,1,2.926580e+02
21,10,2,2.100582e+02
21,10,3,2.097425e+02
21,10,5,1.927414e+02
21,10,10,1.902017e+02
21,10,20,1.899678e+02
21,10,30,1.817852e+02
21,10,40,1.245120e+02
21,10,50,1.168629e+02
21,10,60,1.100188e+02
21,10,70,1.085753e+02
21,10,80,1.078177e+02
21,10,90,1.070450e+02
21,10,100,1.060575e+02
21,10,1,2.830173e+02
21,10,2,2.730858e+02
21,10,3,2.730085e+02
21,10,5,1.734765e+02
21,10,10,1.430110e+02
21,10,20,1.280759e+02
21,10,30,1.245122e+02
21,10,40,1.200721e+02
21,10,50,1.132126e+02
21,10,60,1.111338e+02
21,10,70,1.077003e+02
21,10,80,1.059532e+02
21,10,90,1.051440e+02
21,10,100,1.047523e+02
21,10,1,2.773497e+02
21,10,2,2.557056e+02
21,10,3,2.556486e+02
21,10,5,2.446418e+02
21,10,10,2.395616e+02
21,10,20,1.470640e+02
21,10,30,1.375446e+02
21,10,40,1.282216e+02
21,10,50,1.225863e+02
21,10,60,1.222069e+02
21,10,70,1.219978e+02
21,10,80,1.216924e+02
21,10,90,1.205373e+02
21,10,100,1.154633e+02
21,10,1,1.871784e+02
21,10,2,1.747019e+02
21,10,3,1.746941e+02
21,10,5,1.648562e+02
21,10,10,1.373360e+02
21,10,20,1.292808e+02
21,10,30,1.261083e+02
21,10,40,1.186749e+02
21,10,50,1.153207e+02
21,10,60,1.131413e+02
21,10,70,1.102024e+02
21,10,80,1.092638e+02
21,10,90,1.089012e+02
21,10,100,1.087185e+02
21,10,1,2.759635e+02
21,10,2,2.256726e+02
21,10,3,2.250513e+02
21,10,5,1.984820e+02
21,10,10,1.660384e+02
21,10,20,1.273247e+02
21,10,30,1.205802e+02
21,10,40,1.170859e+02
21,10,50,1.134462e+02
21,10,60,1.121343e+02
21,10,70,1.105577e+02
21,10,80,1.092038e+02
21,10,90,1.084739e+02
21,10,100,1.079387e+02
21,10,1,3.046252e+02
21,10,2,2.725404e+02
21,10,3,2.725297e+02
21,10,5,2.416967e+02
21,10,10,2.374598e+02
21,10,20,2.320169e+02
21,10,30,2.320165e+02
21,10,40,2.198135e+02
21,10,50,2.194173e+02
21,10,60,2.194172e+02
21,10,70,2.194172e+02
21,10,80,2.194172e+02
21,10,90,2.194172e+02
21,10,100,2.194172e+02
21,10,1,2.731008e+02
21,10,2,2.672966e+02
21,10,3,2.669728e+02
21,10,5,2.625313e+02
21,10,10,2.409843e+02
21,10,20,2.212825e+02
21,10,30,2.211708e+02
21,10,40,2.211708e+02
21,10,50,2.211708e+02
21,10,60,2.211708e+02
21,10,70,2.211708e+02
21,10,80,2.211708e+02
21,10,90,2.211708e+02
21,10,100,2.211708e+02
21,10,1,1.274077e+02
21,10,2,1.218408e+02
21,10,3,1.218053e+02
21,10,5,1.159875e+02
21,10,10,1.102766e+02
21,10,20,1.070608e+02
21,10,30,1.067053e+02
21,10,40,1.065278e+02
21,10,50,1.064345e+02
21,10,60,1.063498e+02
21,10,70,1.062588e+02
21,10,80,1.061187e+02
21,10,90,1.059886e+02
21,10,100,1.057282e+02
21,10,1,2.830847e+02
21,10,2,2.670274e+02
21,10,3,2.669576e+02
21,10,5,2.627153e+02
21,10,10,2.516016e+02
21,10,20,2.407721e+02
21,10,30,2.341680e+02
21,10,40,2.341560e+02
21,10,50,2.341559e+02
21,10,60,2.341559e+02
21,10,70,2.341559e+02
21,10,80,2.341559e+02
21,10,90,2.341559e+02
21,10,100,2.341559e+02
21,10,1,2.983537e+02
21,10,2,2.712937e+02
21,10,3,2.711700e+02
21,10,5,2.381358e+02
21,10,10,2.358781e+02
21,10,20,2.211014e+02
21,10,30,2.210396e+02
21,10,40,2.210396e+02
21,10,50,2.210396e+02
21,10,60,2.210396e+02
21,10,70,2.210396e+02
21,10,80,2.210396e+02
21,10,90,2.210396e+02
21,10,100,2.210396e+02
21,10,1,2.501724e+02
21,10,2,2.462701e+02
21,10,3,2.462695e+02
21,10,5,2.459320e+02
21,10,10,2.298580e+02
21,10,20,1.581042e+02
21,10,30,1.425728e+02
21,10,40,1.250462e+02
21,10,50,1.218348e+02
21,10,60,1.210985e+02
21,10,70,1.193181e+02
21,10,80,1.144312e+02
21,10,90,1.122032e+02
21,10,100,1.112175e+02
21,10,1,2.825258e+02
21,10,2,2.713272e+02
21,10,3,2.712745e+02
21,10,5,2.220005e+02
21,10,10,1.551589e+02
21,10,20,1.267964e+02
21,10,30,1.187840e+02
21,10,40,1.125174e+02
21,10,50,1.083875e+02
21,10,60,1.067665e+02
21,10,70,1.053647e+02
21,10,80,1.044179e+02
21,10,90,1.037904e+02
21,10,100,1.030094e+02
21,10,1,3.018132e+02
21,10,2,2.895040e+02
21,10,3,2.891472e+02
21,10,5,2.792316e+02
21,10,10,2.369755e+02
21,10,20,2.352176e+02
21,10,30,2.322737e+02
21,10,40,2.322730e+02
21,10,50,2.322730e+02
21,10,60,2.322730e+02
21,10,70,2.322730e+02
21,10,80,2.322730e+02
21,10,90,2.322730e+02
21,10,100,2.322730e+02
21,10,1,2.875496e+02
21,10,2,2.829943e+02
21,10,3,2.829406e+02
21,10,5,2.781053e+02
21,10,10,2.184014e+02
21,10,20,2.179386e+02
21,10,30,2.179384e+02
21,10,40,2.179384e+02
21,10,50,2.179384e+02
21,10,60,2.179384e+02
21,10,70,2.179384e+02
21,10,80,2.179384e+02
21,10,90,2.179384e+02
21,10,100,2.179384e+02
21,10,1,2.891442e+02
21,10,2,2.655381e+02
21,10,3,2.653809e+02
21,10,5,2.405371e+02
21,10,10,2.316061e+02
21,10,20,2.154634e+02
21,10,30,2.154457e+02
21,10,40,2.154457e+02
21,10,50,2.154457e+02
21,10,60,2.154457e+02
21,10,70,2.154457e+02
21,10,80,2.154457e+02
21,10,90,2.154457e+02
21,10,100,2.154457e+02
21,10,1,1.841649e+02
21,10,2,1.627514e+02
21,10,3,1.627375e+02
21,10,5,1.408280e+02
21,10,10,1.347431e+02
21,10,20,1.172843e+02
21,10,30,1.147474e+02
21,10,40,1.141661e+02
21,10,50,1.135179e+02
21,10,60,1.125714e+02
21,10,70,1.095301e+02
21,10,80,1.079935e+02
21,10,90,1.072787e+02
21,10,100,1.064761e+02
21,10,1,1.536454e+02
21,10,2,1.468536e+02
21,10,3,1.467564e+02
21,10,5,1.436698e+02
21,10,10,1.399235e+02
21,10,20,1.293848e+02
21,10,30,1.245323e+02
21,10,40,1.145126e+02
21,10,50,1.101570e+02
21,10,60,1.090761e+02
21,10,70,1.085725e+02
21,10,80,1.079558e+02
21,10,90,1.073615e+02
21,10,100,1.063829e+02
21,10,1,2.933717e+02
21,10,2,2.829626e+02
21,10,3,2.790999e+02
21,10,5,2.287877e+02
21,10,10,2.214240e+02
21,10,20,2.214085e+02
21,10,30,2.214085e+02
21,10,40,2.214085e+02
21,10,50,2.214085e+02
21,10,60,2.214085e+02
21,10,70,2.214085e+02
21,10,80,2.214085e+02
21,10,90,2.214085e+02
21,10,100,2.214085e+02
21,10,1,3.035064e+02
21,10,2,2.752783e+02
21,10,3,1.769791e+02
21,10,5,1.367818e+02
21,10,10,1.229478e+02
21,10,20,1.160313e+02
21,10,30,1.112605e+02
21,10,40,1.096835e+02
21,10,50,1.088122e+02
21,10,60,1.080113e+02
21,10,70,1.071212e+02
21,10,80,1.068323e+02
21,10,90,1.067591e+02
21,10,100,1.066820e+02
