funcid,dim,milestone,error
1,30,1,2.480598e+10
1,30,2,9.005801e+09
1,30,3,4.231409e+09
1,30,5,4.700839e+08
1,30,10,2.883824e+06
1,30,20,1.709024e+03
1,30,30,2.932790e+02
1,30,40,2.353893e+02
1,30,50,2.338096e+02
1,30,60,2.336301e+02
1,30,70,2.336156e+02
1,30,80,2.336112e+02
1,30,90,2.336091e+02
1,30,100,2.336070e+02
1,30,1,1.596695e+10
1,30,2,5.643159e+09
1,30,3,3.360572e+09
1,30,5,4.109501e+08
1,30,10,4.211899e+06
1,30,20,5.863490e+03
1,30,30,1.319200e+03
1,30,40,1.267815e+03
1,30,50,1.266352e+03
1,30,60,1.266246e+03
1,30,70,1.266232e+03
1,30,80,1.266230e+03
1,30,90,1.266227e+03
1,30,100,1.266225e+03
1,30,1,2.487274e+10
1,30,2,9.179171e+09
1,30,3,3.862023e+09
1,30,5,8.288356e+08
1,30,10,8.649493e+06
1,30,20,5.219400e+03
1,30,30,5.514102e+02
1,30,40,5.003930e+02
1,30,50,4.978401e+02
1,30,60,4.974867e+02
1,30,70,4.974513e+02
1,30,80,4.974451e+02
1,30,90,4.974396e+02
1,30,100,4.974391e+02
1,30,1,2.552522e+10
1,30,2,9.880565e+09
1,30,3,4.517849e+09
1,30,5,9.644036e+08
1,30,10,8.296170e+06
1,30,20,3.698628e+03
1,30,30,4.804798e+01
1,30,40,2.100349e+01
1,30,50,1.907035e+01
1,30,60,1.887792e+01
1,30,70,1.881003e+01
1,30,80,1.879810e+01
1,30,90,1.879409e+01
1,30,100,1.879222e+01
1,30,1,2.496195e+10
1,30,2,1.355530e+10
1,30,3,5.520268e+09
1,30,5,1.085899e+09
1,30,10,1.326191e+07
1,30,20,5.123316e+03
1,30,30,3.944339e+01
1,30,40,2.021528e+01
1,30,50,1.954249e+01
1,30,60,1.944717e+01
1,30,70,1.943416e+01
1,30,80,1.942909e+01
1,30,90,1.942744e+01
1,30,100,1.942606e+01
1,30,1,2.525226e+10
1,30,2,9.410233e+09
1,30,3,4.342206e+09
1,30,5,6.789515e+08
1,30,10,9.831858e+06
1,30,20,1.537741e+04
1,30,30,1.424721e+03
1,30,40,1.361370e+03
1,30,50,1.358213e+03
1,30,60,1.358080e+03
1,30,70,1.358054e+03
1,30,80,1.358046e+03
1,30,90,1.358042e+03
1,30,100,1.358039e+03
1,30,1,3.111139e+10
1,30,2,8.932899e+09
1,30,3,2.470432e+09
1,30,5,3.816759e+08
1,30,10,4.364173e+06
1,30,20,5.762276e+03
1,30,30,2.144799e+03
1,30,40,2.102750e+03
1,30,50,2.100993e+03
1,30,60,2.100868e+03
1,30,70,2.100831e+03
1,30,80,2.100808e+03
1,30,90,2.100801e+03
1,30,100,2.100797e+03
1,30,1,2.843045e+10
1,30,2,9.491224e+09
1,30,3,2.992593e+09
1,30,5,8.230335e+08
1,30,10,1.223250e+07
1,30,20,6.812358e+03
1,30,30,1.280122e+03
1,30,40,1.250073e+03
1,30,50,1.248876e+03
1,30,60,1.248791e+03
1,30,70,1.248776e+03
1,30,80,1.248773e+03
1,30,90,1.248770e+03
1,30,100,1.248768e+03
1,30,1,2.064536e+10
1,30,2,7.009910e+09
1,30,3,3.481378e+09
1,30,5,6.562398e+08
1,30,10,5.062107e+06
1,30,20,6.280295e+03
1,30,30,1.525815e+03
1,30,40,1.498515e+03
1,30,50,1.498010e+03
1,30,60,1.497915e+03
1,30,70,1.497893e+03
1,30,80,1.497888e+03
1,30,90,1.497887e+03
1,30,100,1.497886e+03
1,30,1,2.089712e+10
1,30,2,8.616272e+09
1,30,3,3.137141e+09
1,30,5,4.002274e+08
1,30,10,4.937593e+06
1,30,20,4.837219e+03
1,30,30,7.513951e+02
1,30,40,7.153859e+02
1,30,50,7.140672e+02
1,30,60,7.138577e+02
1,30,70,7.138255e+02
1,30,80,7.138169e+02
1,30,90,7.138093e+02
1,30,100,7.138071e+02
1,30,1,2.214233e+10
1,30,2,1.151501e+10
1,30,3,4.587870e+09
1,30,5,7.573010e+08
1,30,10,1.137520e+07
1,30,20,4.776728e+03
1,30,30,2.393113e+02
1,30,40,1.769548e+02
1,30,50,1.749909e+02
1,30,60,1.749040e+02
1,30,70,1.748809e+02
1,30,80,1.748708e+02
1,30,90,1.748644e+02
1,30,100,1.748603e+02
1,30,1,2.383026e+10
1,30,2,1.007821e+10
1,30,3,4.248632e+09
1,30,5,8.737840e+08
1,30,10,5.069835e+06
1,30,20,4.277204e+03
1,30,30,2.235153e+02
1,30,40,1.988030e+02
1,30,50,1.980908e+02
1,30,60,1.980179e+02
1,30,70,1.979958e+02
1,30,80,1.979915e+02
1,30,90,1.979882e+02
1,30,100,1.979875e+02
1,30,1,1.836803e+10
1,30,2,8.414900e+09
1,30,3,2.828031e+09
1,30,5,5.033683e+08
1,30,10,4.562418e+06
1,30,20,4.144238e+03
1,30,30,3.514113e+01
1,30,40,1.897111e+00
1,30,50,8.012177e-01
1,30,60,7.181498e-01
1,30,70,7.026446e-01
1,30,80,6.992873e-01
1,30,90,6.992841e-01
1,30,100,6.988644e-01
1,30,1,2.308566e+10
1,30,2,8.957462e+09
1,30,3,4.054422e+09
1,30,5,6.291577e+08
1,30,10,5.969195e+06
1,30,20,3.130719e+03
1,30,30,1.259916e+03
1,30,40,1.245007e+03
1,30,50,1.244461e+03
1,30,60,1.244379e+03
1,30,70,1.244362e+03
1,30,80,1.244357e+03
1,30,90,1.244354e+03
1,30,100,1.244354e+03
1,30,1,2.686773e+10
1,30,2,9.432212e+09
1,30,3,4.124344e+09
1,30,5,4.732282e+08
1,30,10,5.851904e+06
1,30,20,3.737333e+03
1,30,30,1.293812e+02
1,30,40,1.025740e+02
1,30,50,1.017371e+02
1,30,60,1.016561e+02
1,30,70,1.016368e+02
1,30,80,1.016288e+02
1,30,90,1.016262e+02
1,30,100,1.016255e+02
1,30,1,1.998040e+10
1,30,2,8.063459e+09
1,30,3,3.321929e+09
1,30,5,6.507137e+08
1,30,10,6.430634e+06
1,30,20,3.258334e+03
1,30,30,2.998841e+01
1,30,40,1.623637e+01
1,30,50,1.565819e+01
1,30,60,1.557966e+01
1,30,70,1.555948e+01
1,30,80,1.555320e+01
1,30,90,1.555110e+01
1,30,100,1.554882e+01
1,30,1,1.217029e+10
1,30,2,5.794180e+09
1,30,3,2.846413e+09
1,30,5,5.480527e+08
1,30,10,4.118053e+06
1,30,20,3.064224e+03
1,30,30,1.283778e+03
1,30,40,1.249582e+03
1,30,50,1.247979e+03
1,30,60,1.247773e+03
1,30,70,1.247760e+03
1,30,80,1.247756e+03
1,30,90,1.247753e+03
1,30,100,1.247752e+03
1,30,1,2.427269e+10
1,30,2,8.898199e+09
1,30,3,2.627681e+09
1,30,5,4.914854e+08
1,30,10,5.632074e+06
1,30,20,6.705667e+03
1,30,30,1.050957e+02
1,30,40,7.150149e+01
1,30,50,7.028478e+01
1,30,60,7.015188e+01
1,30,70,7.012316e+01
1,30,80,7.011248e+01
1,30,90,7.011095e+01
1,30,100,7.010976e+01
1,30,1,2.049427e+10
1,30,2,5.872596e+09
1,30,3,2.148071e+09
1,30,5,5.257598e+08
1,30,10,4.311581e+06
1,30,20,3.437278e+03
1,30,30,9.914427e+02
1,30,40,9.494766e+02
1,30,50,9.482052e+02
1,30,60,9.481559e+02
1,30,70,9.481401e+02
1,30,80,9.481370e+02
1,30,90,9.481362e+02
1,30,100,9.481362e+02
1,30,1,3.213894e+10
1,30,2,1.617074e+10
1,30,3,6.179073e+09
1,30,5,9.468584e+08
1,30,10,9.123804e+06
1,30,20,3.691340e+03
1,30,30,2.458732e+02
1,30,40,2.209348e+02
1,30,50,2.194183e+02
1,30,60,2.192638e+02
1,30,70,2.192489e+02
1,30,80,2.192399e+02
1,30,90,2.192377e+02
1,30,100,2.192362e+02
1,30,1,1.726347e+10
1,30,2,6.549518e+09
1,30,3,2.273518e+09
1,30,5,4.403046e+08
1,30,10,4.914525e+06
1,30,20,3.326294e+03
1,30,30,2.739887e+02
1,30,40,2.399256e+02
1,30,50,2.389136e+02
1,30,60,2.388495e+02
1,30,70,2.388419e+02
1,30,80,2.388359e+02
1,30,90,2.388340e+02
1,30,100,2.388326e+02
1,30,1,2.701297e+10
1,30,2,9.632924e+09
1,30,3,4.605796e+09
1,30,5,5.086940e+08
1,30,10,6.787430e+06
1,30,20,3.728880e+03
1,30,30,4.189435e+02
1,30,40,3.966397e+02
1,30,50,3.953295e+02
1,30,60,3.952449e+02
1,30,70,3.952391e+02
1,30,80,3.952379e+02
1,30,90,3.952365e+02
1,30,100,3.952351e+02
1,30,1,2.696374e+10
1,30,2,1.356077e+10
1,30,3,5.778989e+09
1,30,5,1.019707e+09
1,30,10,9.853063e+06
1,30,20,5.172454e+03
1,30,30,9.609102e+01
1,30,40,5.867768e+01
1,30,50,5.707904e+01
1,30,60,5.687036e+01
1,30,70,5.684063e+01
1,30,80,5.683155e+01
1,30,90,5.682854e+01
1,30,100,5.682732e+01
1,30,1,1.657160e+10
1,30,2,6.537560e+09
1,30,3,1.998248e+09
1,30,5,4.015535e+08
1,30,10,5.517870e+06
1,30,20,5.165033e+03
1,30,30,1.475699e+03
1,30,40,1.380269e+03
1,30,50,1.377170e+03
1,30,60,1.376813e+03
1,30,70,1.376778e+03
1,30,80,1.376760e+03
1,30,90,1.376752e+03
1,30,100,1.376749e+03
1,30,1,1.462406e+10
1,30,2,4.823916e+09
1,30,3,1.610412e+09
1,30,5,3.529282e+08
1,30,10,2.320699e+06
1,30,20,1.407773e+03
1,30,30,1.708646e+02
1,30,40,1.479658e+02
1,30,50,1.471739e+02
1,30,60,1.471176e+02
1,30,70,1.470992e+02
1,30,80,1.470947e+02
1,30,90,1.470933e+02
1,30,100,1.470929e+02
1,30,1,2.190028e+10
1,30,2,5.723903e+09
1,30,3,2.645862e+09
1,30,5,6.506049e+08
1,30,10,5.522494e+06
1,30,20,3.578035e+03
1,30,30,7.297858e+02
1,30,40,7.054239e+02
1,30,50,7.044774e+02
1,30,60,7.043583e+02
1,30,70,7.043451e+02
1,30,80,7.043368e+02
1,30,90,7.043346e+02
1,30,100,7.043317e+02
1,30,1,1.856559e+10
1,30,2,7.211939e+09
1,30,3,2.109826e+09
1,30,5,2.990295e+08
1,30,10,3.467455e+06
1,30,20,1.837673e+03
1,30,30,2.568209e+02
1,30,40,2.427725e+02
1,30,50,2.423469e+02
1,30,60,2.422869e+02
1,30,70,2.422758e+02
1,30,80,2.422698e+02
1,30,90,2.422671e+02
1,30,100,2.422655e+02
1,30,1,2.986367e+10
1,30,2,1.535093e+10
1,30,3,6.562096e+09
1,30,5,1.116540e+09
1,30,10,8.434844e+06
1,30,20,8.122717e+03
1,30,30,1.628712e+03
1,30,40,1.556719e+03
1,30,50,1.554245e+03
1,30,60,1.554106e+03
1,30,70,1.554082e+03
1,30,80,1.554074e+03
1,30,90,1.554068e+03
1,30,100,1.554066e+03
1,30,1,2.819326e+10
1,30,2,1.286188e+10
1,30,3,5.127368e+09
1,30,5,6.772020e+08
1,30,10,1.090194e+07
1,30,20,9.932753e+03
1,30,30,5.869552e+03
1,30,40,5.832000e+03
1,30,50,5.830225e+03
1,30,60,5.830072e+03
1,30,70,5.830049e+03
1,30,80,5.830037e+03
1,30,90,5.830029e+03
1,30,100,5.830025e+03
1,30,1,2.736569e+10
1,30,2,8.718500e+09
1,30,3,4.019638e+09
1,30,5,6.352658e+08
1,30,10,7.695150e+06
1,30,20,1.005133e+04
1,30,30,1.022191e+03
1,30,40,9.814465e+02
1,30,50,9.802214e+02
1,30,60,9.801036e+02
1,30,70,9.800773e+02
1,30,80,9.800643e+02
1,30,90,9.800609e+02
1,30,100,9.800594e+02
1,30,1,2.071129e+10
1,30,2,5.899028e+09
1,30,3,2.318497e+09
1,30,5,5.008391e+08
1,30,10,7.071312e+06
1,30,20,7.691400e+03
1,30,30,3.611690e+01
1,30,40,5.809356e+00
1,30,50,4.307119e+00
1,30,60,4.077970e+00
1,30,70,4.054581e+00
1,30,80,4.047073e+00
1,30,90,4.042769e+00
1,30,100,4.040184e+00
