funcid,dim,milestone,error
9,50,1,1.711424e+04
9,50,2,1.436756e+04
9,50,3,1.345278e+04
9,50,5,1.211465e+04
9,50,10,1.125714e+04
9,50,20,1.100749e+04
9,50,30,1.094900e+04
9,50,40,1.091957e+04
9,50,50,1.089921e+04
9,50,60,1.088485e+04
9,50,70,1.087489e+04
9,50,80,1.086634e+04
9,50,90,1.085911e+04
9,50,100,1.085217e+04
9,50,1,2.406450e+04
9,50,2,2.121015e+04
9,50,3,1.802013e+04
9,50,5,1.587635e+04
9,50,10,1.375675e+04
9,50,20,1.018216e+04
9,50,30,9.629492e+03
9,50,40,9.508351e+03
9,50,50,9.473302e+03
9,50,60,9.457449e+03
9,50,70,9.446617e+03
9,50,80,9.441034e+03
9,50,90,9.436344e+03
9,50,100,9.432555e+03
9,50,1,2.168009e+04
9,50,2,1.756380e+04
9,50,3,1.646999e+04
9,50,5,1.455987e+04
9,50,10,1.324527e+04
9,50,20,1.276029e+04
9,50,30,1.249084e+04
9,50,40,1.234446e+04
9,50,50,1.221684e+04
9,50,60,1.207918e+04
9,50,70,1.192236e+04
9,50,80,1.183310e+04
9,50,90,1.137143e+04
9,50,100,1.104454e+04
9,50,1,2.266740e+04
9,50,2,1.934984e+04
9,50,3,1.802669e+04
9,50,5,1.439157e+04
9,50,10,1.263397e+04
9,50,20,1.207289e+04
9,50,30,1.195478e+04
9,50,40,1.191962e+04
9,50,50,1.028380e+04
9,50,60,1.017886e+04
9,50,70,1.013400e+04
9,50,80,1.010860e+04
9,50,90,1.009446e+04
9,50,100,1.008537e+04
9,50,1,2.118696e+04
9,50,2,1.684651e+04
9,50,3,1.606829e+04
9,50,5,1.437101e+04
9,50,10,1.172602e+04
9,50,20,1.068065e+04
9,50,30,1.054813e+04
9,50,40,1.039590e+04
9,50,50,1.025755e+04
9,50,60,1.016964e+04
9,50,70,1.011613e+04
9,50,80,1.008461e+04
9,50,90,1.006048e+04
9,50,100,1.003814e+04
9,50,1,2.160669e+04
9,50,2,1.708140e+04
9,50,3,1.604286e+04
9,50,5,1.487266e+04
9,50,10,1.223498e+04
9,50,20,1.026424e+04
9,50,30,9.971925e+03
9,50,40,9.904120e+03
9,50,50,9.869769e+03
9,50,60,9.848236e+03
9,50,70,9.829841e+03
9,50,80,9.811067e+03
9,50,90,9.792485e+03
9,50,100,9.773803e+03
9,50,1,2.096404e+04
9,50,2,1.656450e+04
9,50,3,1.563464e+04
9,50,5,1.433932e+04
9,50,10,1.328134e+04
9,50,20,1.250329e+04
9,50,30,1.214514e+04
9,50,40,1.021954e+04
9,50,50,9.846725e+03
9,50,60,9.699622e+03
9,50,70,9.645153e+03
9,50,80,9.622588e+03
9,50,90,9.613138e+03
9,50,100,9.462279e+03
9,50,1,2.203755e+04
9,50,2,1.850490e+04
9,50,3,1.583780e+04
9,50,5,1.330435e+04
9,50,10,1.229523e+04
9,50,20,1.203206e+04
9,50,30,1.193973e+04
9,50,40,1.188576e+04
9,50,50,1.185479e+04
9,50,60,1.182723e+04
9,50,70,1.180086e+04
9,50,80,1.177484e+04
9,50,90,1.174199e+04
9,50,100,1.171404e+04
9,50,1,2.323566e+04
9,50,2,1.961518e+04
9,50,3,1.809253e+04
9,50,5,1.599977e+04
9,50,10,1.321515e+04
9,50,20,1.006687e+04
9,50,30,9.364585e+03
9,50,40,9.266290e+03
9,50,50,9.227829e+03
9,50,60,9.206913e+03
9,50,70,9.182639e+03
9,50,80,9.160958e+03
9,50,90,9.142123e+03
9,50,100,9.127158e+03
9,50,1,2.493109e+04
9,50,2,1.647344e+04
9,50,3,1.512639e+04
9,50,5,1.368495e+04
9,50,10,1.206161e+04
9,50,20,1.139672e+04
9,50,30,1.102021e+04
9,50,40,1.075029e+04
9,50,50,1.064333e+04
9,50,60,1.058377e+04
9,50,70,1.054383e+04
9,50,80,1.049965e+04
9,50,90,1.044964e+04
9,50,100,1.038707e+04
9,50,1,2.588556e+04
9,50,2,1.964359e+04
9,50,3,1.756538e+04
9,50,5,1.493523e+04
9,50,10,1.256541e+04
9,50,20,1.127236e+04
9,50,30,1.107626e+04
9,50,40,1.088084e+04
9,50,50,1.044074e+04
9,50,60,1.021366e+04
9,50,70,1.007364e+04
9,50,80,1.001220e+04
9,50,90,9.998021e+03
9,50,100,9.989010e+03
9,50,1,2.564427e+04
9,50,2,1.991499e+04
9,50,3,1.715846e+04
9,50,5,1.541133e+04
9,50,10,1.395586e+04
9,50,20,1.295552e+04
9,50,30,9.415973e+03
9,50,40,7.781787e+03
9,50,50,7.636818e+03
9,50,60,7.576865e+03
9,50,70,7.546563e+03
9,50,80,7.533775e+03
9,50,90,7.527436e+03
9,50,100,7.523366e+03
9,50,1,1.895783e+04
9,50,2,1.656346e+04
9,50,3,1.490702e+04
9,50,5,1.362448e+04
9,50,10,1.178700e+04
9,50,20,1.109215e+04
9,50,30,1.097174e+04
9,50,40,1.089628e+04
9,50,50,1.077791e+04
9,50,60,1.069137e+04
9,50,70,1.062900e+04
9,50,80,1.058034e+04
9,50,90,1.054848e+04
9,50,100,1.053122e+04
9,50,1,2.282973e+04
9,50,2,1.755708e+04
9,50,3,1.684629e+04
9,50,5,1.560088e+04
9,50,10,1.389709e+04
9,50,20,1.158140e+04
9,50,30,1.099632e+04
9,50,40,1.084094e+04
9,50,50,1.071643e+04
9,50,60,1.059265e+04
9,50,70,1.044329e+04
9,50,80,1.025994e+04
9,50,90,1.015071e+04
9,50,100,1.011884e+04
9,50,1,1.940363e+04
9,50,2,1.594314e+04
9,50,3,1.440470e+04
9,50,5,1.286035e+04
9,50,10,1.189626e+04
9,50,20,1.149716e+04
9,50,30,1.134145e+04
9,50,40,1.127559e+04
9,50,50,1.122960e+04
9,50,60,1.119127e+04
9,50,70,1.116494e+04
9,50,80,1.114543e+04
9,50,90,1.113325e+04
9,50,100,1.112487e+04
9,50,1,2.132114e+04
9,50,2,1.761239e+04
9,50,3,1.488237e+04
9,50,5,1.235103e+04
9,50,10,1.068955e+04
9,50,20,1.033743e+04
9,50,30,1.024395e+04
9,50,40,1.017731e+04
9,50,50,1.012522e+04
9,50,60,1.008958e+04
9,50,70,1.006725e+04
9,50,80,1.004975e+04
9,50,90,1.003913e+04
9,50,100,1.002982e+04
9,50,1,2.027560e+04
9,50,2,1.834229e+04
9,50,3,1.693983e+04
9,50,5,1.422924e+04
9,50,10,1.214168e+04
9,50,20,1.160941e+04
9,50,30,1.155138e+04
9,50,40,1.152289e+04
9,50,50,1.150088e+04
9,50,60,1.148306e+04
9,50,70,1.146623e+04
9,50,80,1.145337e+04
9,50,90,1.144067e+04
9,50,100,1.143126e+04
9,50,1,2.392777e+04
9,50,2,1.830968e+04
9,50,3,1.624296e+04
9,50,5,1.410629e+04
9,50,10,1.293653e+04
9,50,20,1.251485e+04
9,50,30,1.230094e+04
9,50,40,1.225099e+04
9,50,50,1.223236e+04
9,50,60,1.222443e+04
9,50,70,1.222032e+04
9,50,80,1.221849e+04
9,50,90,1.221720e+04
9,50,100,1.213201e+04
9,50,1,2.073742e+04
9,50,2,1.579799e+04
9,50,3,1.415569e+04
9,50,5,1.237294e+04
9,50,10,1.128389e+04
9,50,20,1.079570e+04
9,50,30,1.057652e+04
9,50,40,1.045348e+04
9,50,50,1.042431e+04
9,50,60,1.041247e+04
9,50,70,1.040775e+04
9,50,80,1.040439e+04
9,50,90,1.040148e+04
9,50,100,1.039906e+04
9,50,1,2.215509e+04
9,50,2,1.769926e+04
9,50,3,1.435421e+04
9,50,5,1.313150e+04
9,50,10,1.227506e+04
9,50,20,1.125541e+04
9,50,30,1.101477e+04
9,50,40,1.087326e+04
9,50,50,1.082019e+04
9,50,60,1.079710e+04
9,50,70,1.078518e+04
9,50,80,1.077717e+04
9,50,90,1.076928e+04
9,50,100,1.076313e+04
9,50,1,1.664574e+04
9,50,2,1.427322e+04
9,50,3,1.282294e+04
9,50,5,1.168919e+04
9,50,10,1.115359e+04
9,50,20,1.077043e+04
9,50,30,1.063088e+04
9,50,40,1.057018e+04
9,50,50,1.049417e+04
9,50,60,1.043262e+04
9,50,70,1.038692e+04
9,50,80,1.036041e+04
9,50,90,1.034473e+04
9,50,100,1.033552e+04
9,50,1,1.903392e+04
9,50,2,1.688176e+04
9,50,3,1.527614e+04
9,50,5,1.319937e+04
9,50,10,1.149675e+04
9,50,20,1.118074e+04
9,50,30,1.110095e+04
9,50,40,1.106970e+04
9,50,50,1.105390e+04
9,50,60,1.104481e+04
9,50,70,1.103634e+04
9,50,80,1.102982e+04
9,50,90,1.102474e+04
9,50,100,1.043746e+04
9,50,1,2.461254e+04
9,50,2,1.981761e+04
9,50,3,1.708845e+04
9,50,5,1.428182e+04
9,50,10,1.244261e+04
9,50,20,1.192664e+04
9,50,30,1.179896e+04
9,50,40,1.166021e+04
9,50,50,1.074730e+04
9,50,60,1.045862e+04
9,50,70,1.030203e+04
9,50,80,1.022206e+04
9,50,90,1.018041e+04
9,50,100,1.015166e+04
9,50,1,2.439862e+04
9,50,2,1.792935e+04
9,50,3,1.648911e+04
9,50,5,1.497695e+04
9,50,10,1.277648e+04
9,50,20,1.132574e+04
9,50,30,1.106165e+04
9,50,40,1.089752e+04
9,50,50,1.078274e+04
9,50,60,1.071520e+04
9,50,70,1.065961e+04
9,50,80,1.062646e+04
9,50,90,1.034377e+04
9,50,100,9.672003e+03
9,50,1,2.256895e+04
9,50,2,1.860449e+04
9,50,3,1.534087e+04
9,50,5,1.312684e+04
9,50,10,1.150135e+04
9,50,20,1.085203e+04
9,50,30,1.058314e+04
9,50,40,1.047820e+04
9,50,50,1.042915e+04
9,50,60,1.040470e+04
9,50,70,1.038869e+04
9,50,80,1.037982e+04
9,50,90,1.037296e+04
9,50,100,1.006085e+04
9,50,1,1.704751e+04
9,50,2,1.486094e+04
9,50,3,1.351255e+04
9,50,5,1.254890e+04
9,50,10,1.182034e+04
9,50,20,1.147870e+04
9,50,30,1.139316e+04
9,50,40,1.136202e+04
9,50,50,1.134727e+04
9,50,60,1.134154e+04
9,50,70,1.133840e+04
9,50,80,1.133663e+04
9,50,90,1.133551e+04
9,50,100,1.133479e+04
9,50,1,2.298206e+04
9,50,2,1.913749e+04
9,50,3,1.809320e+04
9,50,5,1.581146e+04
9,50,10,1.404836e+04
9,50,20,1.119638e+04
9,50,30,1.044249e+04
9,50,40,1.033048e+04
9,50,50,1.028724e+04
9,50,60,1.026269e+04
9,50,70,1.024917e+04
9,50,80,1.023936e+04
9,50,90,1.023181e+04
9,50,100,1.022564e+04
9,50,1,2.155754e+04
9,50,2,1.613675e+04
9,50,3,1.506086e+04
9,50,5,1.404546e+04
9,50,10,1.258220e+04
9,50,20,1.211165e+04
9,50,30,1.182251e+04
9,50,40,1.157621e+04
9,50,50,1.056761e+04
9,50,60,9.919409e+03
9,50,70,9.785719e+03
9,50,80,9.730178e+03
9,50,90,9.695303e+03
9,50,100,9.672183e+03
9,50,1,2.104492e+04
9,50,2,1.825988e+04
9,50,3,1.623545e+04
9,50,5,1.413909e+04
9,50,10,1.266160e+04
9,50,20,1.224667e+04
9,50,30,1.213690e+04
9,50,40,1.208590e+04
9,50,50,1.203084e+04
9,50,60,1.200603e+04
9,50,70,1.198335e+04
9,50,80,1.196796e+04
9,50,90,1.195486e+04
9,50,100,1.194126e+04
9,50,1,1.980007e+04
9,50,2,1.718096e+04
9,50,3,1.543266e+04
9,50,5,1.335083e+04
9,50,10,1.202993e+04
9,50,20,1.123941e+04
9,50,30,1.096595e+04
9,50,40,1.083807e+04
9,50,50,1.066454e+04
9,50,60,1.058601e+04
9,50,70,1.052749e+04
9,50,80,1.049698e+04
9,50,90,1.047476e+04
9,50,100,1.046133e+04
9,50,1,1.923536e+04
9,50,2,1.566135e+04
9,50,3,1.444177e+04
9,50,5,1.363397e+04
9,50,10,1.304742e+04
9,50,20,1.271208e+04
9,50,30,1.252293e+04
9,50,40,1.232504e+04
9,50,50,1.211844e+04
9,50,60,1.196189e+04
9,50,70,1.187981e+04
9,50,80,1.183770e+04
9,50,90,1.181572e+04
9,50,100,1.180146e+04
