funcid,dim,milestone,error
20,10,1,3.487949e+02
20,10,2,2.687375e+02
20,10,3,2.561454e+02
20,10,5,2.241587e+02
20,10,10,1.096827e+02
20,10,20,9.845486e+01
20,10,30,7.364049e+01
20,10,40,7.260329e+01
20,10,50,7.234231e+01
20,10,60,7.172438e+01
20,10,70,7.163204e+01
20,10,80,7.102324e+01
20,10,90,7.098054e+01
20,10,100,7.094609e+01
20,10,1,2.769069e+02
20,10,2,2.748983e+02
20,10,3,1.498343e+02
20,10,5,1.053427e+02
20,10,10,1.001227e+02
20,10,20,9.843361e+01
20,10,30,9.755803e+01
20,10,40,9.704451e+01
20,10,50,9.704426e+01
20,10,60,9.457525e+01
20,10,70,8.625966e+01
20,10,80,8.544238e+01
20,10,90,8.523991e+01
20,10,100,8.497574e+01
20,10,1,1.882106e+02
20,10,2,1.636060e+02
20,10,3,1.634379e+02
20,10,5,1.500195e+02
20,10,10,7.513195e+01
20,10,20,6.637310e+01
20,10,30,5.782786e+01
20,10,40,5.683510e+01
20,10,50,5.623457e+01
20,10,60,5.555183e+01
20,10,70,5.535578e+01
20,10,80,5.433178e+01
20,10,90,5.386850e+01
20,10,100,5.349051e+01
20,10,1,3.339422e+02
20,10,2,2.280606e+02
20,10,3,2.279520e+02
20,10,5,1.565200e+02
20,10,10,8.483700e+01
20,10,20,7.307820e+01
20,10,30,5.172569e+01
20,10,40,5.049991e+01
20,10,50,5.047623e+01
20,10,60,5.001699e+01
20,10,70,4.968377e+01
20,10,80,4.957123e+01
20,10,90,4.947041e+01
20,10,100,4.934031e+01
20,10,1,4.063352e+02
20,10,2,1.364619e+02
20,10,3,1.364619e+02
20,10,5,8.447411e+01
20,10,10,6.418992e+01
20,10,20,6.226715e+01
20,10,30,6.207993e+01
20,10,40,6.187380e+01
20,10,50,6.089566e+01
20,10,60,6.039805e+01
20,10,70,6.028580e+01
20,10,80,6.015556e+01
20,10,90,6.001309e+01
20,10,100,6.000995e+01
20,10,1,1.753588e+02
20,10,2,1.630941e+02
20,10,3,1.385158e+02
20,10,5,1.184359e+02
20,10,10,6.524095e+01
20,10,20,5.543860e+01
20,10,30,4.670369e+01
20,10,40,4.430553e+01
20,10,50,4.388408e+01
20,10,60,4.355634e+01
20,10,70,4.299178e+01
20,10,80,4.265300e+01
20,10,90,4.227926e+01
20,10,100,4.226973e+01
20,10,1,1.730607e+02
20,10,2,1.627758e+02
20,10,3,1.627758e+02
20,10,5,1.368232e+02
20,10,10,8.478103e+01
20,10,20,8.104718e+01
20,10,30,7.461222e+01
20,10,40,7.172733e+01
20,10,50,6.954914e+01
20,10,60,6.729383e+01
20,10,70,6.683185e+01
20,10,80,6.676074e+01
20,10,90,6.671894e+01
20,10,100,6.663563e+01
20,10,1,2.228527e+02
20,10,2,2.220213e+02
20,10,3,1.964952e+02
20,10,5,1.252467e+02
20,10,10,8.437238e+01
20,10,20,7.661942e+01
20,10,30,7.379994e+01
20,10,40,7.189820e+01
20,10,50,7.048149e+01
20,10,60,6.985118e+01
20,10,70,6.968070e+01
20,10,80,6.960817e+01
20,10,90,6.958233e+01
20,10,100,6.935903e+01
20,10,1,9.680011e+01
20,10,2,9.541212e+01
20,10,3,9.541212e+01
20,10,5,8.623271e+01
20,10,10,7.313766e+01
20,10,20,7.135099e+01
20,10,30,7.132966e+01
20,10,40,7.131465e+01
20,10,50,7.131458e+01
20,10,60,7.112721e+01
20,10,70,7.108957e+01
20,10,80,7.107797e+01
20,10,90,7.107794e+01
20,10,100,7.106726e+01
20,10,1,3.071348e+02
20,10,2,2.393944e+02
20,10,3,2.365264e+02
20,10,5,1.768377e+02
20,10,10,1.601294e+02
20,10,20,5.549153e+01
20,10,30,4.345395e+01
20,10,40,4.094798e+01
20,10,50,3.980589e+01
20,10,60,3.953920e+01
20,10,70,3.911023e+01
20,10,80,3.906937e+01
20,10,90,3.858795e+01
20,10,100,3.813266e+01
20,10,1,3.563427e+02
20,10,2,1.932869e+02
20,10,3,1.932869e+02
20,10,5,1.927115e+02
20,10,10,1.678764e+02
20,10,20,5.760866e+01
20,10,30,5.335587e+01
20,10,40,5.104152e+01
20,10,50,4.964179e+01
20,10,60,4.874506e+01
20,10,70,4.824011e+01
20,10,80,4.773137e+01
20,10,90,4.643459e+01
20,10,100,4.625147e+01
20,10,1,2.745496e+02
20,10,2,2.374946e+02
20,10,3,2.370199e+02
20,10,5,7.710562e+01
20,10,10,7.390596e+01
20,10,20,7.141111e+01
20,10,30,6.999759e+01
20,10,40,6.771962e+01
20,10,50,6.716046e+01
20,10,60,6.691383e+01
20,10,70,6.681152e+01
20,10,80,6.674916e+01
20,10,90,6.674581e+01
20,10,100,6.672962e+01
20,10,1,2.250119e+02
20,10,2,2.243018e+02
20,10,3,2.044001e+02
20,10,5,1.878373e+02
20,10,10,1.040639e+02
20,10,20,8.044483e+01
20,10,30,7.691641e+01
20,10,40,7.640157e+01
20,10,50,7.639075e+01
20,10,60,7.634908e+01
20,10,70,7.618300e+01
20,10,80,7.612682e+01
20,10,90,7.612642e+01
20,10,100,7.609704e+01
20,10,1,4.133607e+02
20,10,2,2.947095e+02
20,10,3,2.945317e+02
20,10,5,1.289742e+02
20,10,10,5.916939e+01
20,10,20,5.507645e+01
20,10,30,5.488376e+01
20,10,40,5.469170e+01
20,10,50,5.459221e+01
20,10,60,5.457543e+01
20,10,70,5.457450e+01
20,10,80,5.433747e+01
20,10,90,5.430504e+01
20,10,100,5.414790e+01
20,10,1,2.435093e+02
20,10,2,2.414540e+02
20,10,3,2.414540e+02
20,10,5,1.032964e+02
20,10,10,9.435274e+01
20,10,20,8.036768e+01
20,10,30,7.784056e+01
20,10,40,7.782000e+01
20,10,50,7.762567e+01
20,10,60,7.747109e+01
20,10,70,7.741813e+01
20,10,80,7.741469e+01
20,10,90,7.741279e+01
20,10,100,7.736889e+01
20,10,1,1.156112e+02
20,10,2,1.036615e+02
20,10,3,1.034272e+02
20,10,5,7.629432e+01
20,10,10,6.975224e+01
20,10,20,2.994524e+01
20,10,30,2.842004e+01
20,10,40,2.823453e+01
20,10,50,2.700900e+01
20,10,60,2.664443e+01
20,10,70,2.654404e+01
20,10,80,2.621091e+01
20,10,90,2.598235e+01
20,10,100,2.590974e+01
20,10,1,1.692256e+02
20,10,2,1.660110e+02
20,10,3,1.659885e+02
20,10,5,1.441405e+02
20,10,10,5.268347e+01
20,10,20,4.651200e+01
20,10,30,4.486962e+01
20,10,40,4.449590e+01
20,10,50,4.434864e+01
20,10,60,4.356819e+01
20,10,70,3.852487e+01
20,10,80,3.779358e+01
20,10,90,3.765085e+01
20,10,100,3.763982e+01
20,10,1,9.740593e+01
20,10,2,8.508415e+01
20,10,3,8.508415e+01
20,10,5,7.706982e+01
20,10,10,7.470037e+01
20,10,20,6.176566e+01
20,10,30,6.029125e+01
20,10,40,6.012623e+01
20,10,50,5.994993e+01
20,10,60,5.994991e+01
20,10,70,5.994991e+01
20,10,80,5.989301e+01
20,10,90,5.989194e+01
20,10,100,5.983349e+01
20,10,1,2.322135e+02
20,10,2,2.145693e+02
20,10,3,2.109174e+02
20,10,5,1.955482e+02
20,10,10,6.477737e+01
20,10,20,5.525124e+01
20,10,30,5.375178e+01
20,10,40,5.312161e+01
20,10,50,5.253603e+01
20,10,60,5.183791e+01
20,10,70,5.164159e+01
20,10,80,5.143317e+01
20,10,90,5.138547e+01
20,10,100,5.111420e+01
20,10,1,3.350477e+02
20,10,2,2.215166e+02
20,10,3,2.204117e+02
20,10,5,1.953972e+02
20,10,10,1.897340e+02
20,10,20,1.077959e+02
20,10,30,7.159662e+01
20,10,40,6.676422e+01
20,10,50,6.422692e+01
20,10,60,6.352064e+01
20,10,70,6.334515e+01
20,10,80,6.204325e+01
20,10,90,6.176899e+01
20,10,100,6.174013e+01
20,10,1,3.806966e+02
20,10,2,2.274089e+02
20,10,3,2.218823e+02
20,10,5,1.225764e+02
20,10,10,8.592592e+01
20,10,20,8.116762e+01
20,10,30,4.287088e+01
20,10,40,4.250112e+01
20,10,50,4.158357e+01
20,10,60,4.151994e+01
20,10,70,4.147716e+01
20,10,80,4.142490e+01
20,10,90,4.134676e+01
20,10,100,4.133372e+01
20,10,1,2.966225e+02
20,10,2,1.541856e+02
20,10,3,1.422278e+02
20,10,5,1.206812e+02
20,10,10,1.048696e+02
20,10,20,8.789402e+01
20,10,30,8.783992e+01
20,10,40,8.722737e+01
20,10,50,8.684157e+01
20,10,60,8.679131e+01
20,10,70,8.524839e+01
20,10,80,8.029105e+01
20,10,90,7.979925e+01
20,10,100,7.780116e+01
20,10,1,1.763650e+02
20,10,2,1.658167e+02
20,10,3,1.658167e+02
20,10,5,1.363514e+02
20,10,10,9.552730e+01
20,10,20,7.086703e+01
20,10,30,6.910172e+01
20,10,40,6.895189e+01
20,10,50,6.888462e+01
20,10,60,6.885975e+01
20,10,70,6.806131e+01
20,10,80,6.795010e+01
20,10,90,6.767759e+01
20,10,100,6.758323e+01
20,10,1,1.681447e+02
20,10,2,1.368176e+02
20,10,3,1.368176e+02
20,10,5,1.349142e+02
20,10,10,5.700130e+01
20,10,20,5.351941e+01
20,10,30,5.110974e+01
20,10,40,5.103547e+01
20,10,50,5.072283e+01
20,10,60,5.018691e+01
20,10,70,5.005786e+01
20,10,80,4.986561e+01
20,10,90,4.974444e+01
20,10,100,4.956310e+01
20,10,1,2.637790e+02
20,10,2,1.482554e+02
20,10,3,1.479849e+02
20,10,5,7.301733e+01
20,10,10,7.095379e+01
20,10,20,7.050133e+01
20,10,30,7.039626e+01
20,10,40,7.033269e+01
20,10,50,7.030003e+01
20,10,60,7.016179e+01
20,10,70,7.012063e+01
20,10,80,7.003760e+01
20,10,90,7.000850e+01
20,10,100,7.000076e+01
20,10,1,2.159707e+02
20,10,2,9.965508e+01
20,10,3,9.808608e+01
20,10,5,8.675650e+01
20,10,10,8.345940e+01
20,10,20,6.397082e+01
20,10,30,6.158433e+01
20,10,40,5.433699e+01
20,10,50,5.133467e+01
20,10,60,5.058820e+01
20,10,70,5.056006e+01
20,10,80,5.050619e+01
20,10,90,5.034207e+01
20,10,100,5.033893e+01
20,10,1,2.349223e+02
20,10,2,2.253733e+02
20,10,3,2.253733e+02
20,10,5,1.977715e+02
20,10,10,9.228437e+01
20,10,20,8.121335e+01
20,10,30,7.738778e+01
20,10,40,7.493930e+01
20,10,50,7.493882e+01
20,10,60,7.488578e+01
20,10,70,7.487283e+01
20,10,80,7.487183e+01
20,10,90,7.486942e+01
20,10,100,7.486941e+01
20,10,1,1.439613e+02
20,10,2,1.396941e+02
20,10,3,1.394861e+02
20,10,5,1.386807e+02
20,10,10,1.080733e+02
20,10,20,1.001660e+02
20,10,30,6.853664e+01
20,10,40,6.823615e+01
20,10,50,6.800484e+01
20,10,60,6.793523e+01
20,10,70,6.739061e+01
20,10,80,6.739024e+01
20,10,90,6.723195e+01
20,10,100,6.697802e+01
20,10,1,3.038551e+02
20,10,2,2.408024e+02
20,10,3,2.407182e+02
20,10,5,2.393458e+02
20,10,10,7.201809e+01
20,10,20,7.008561e+01
20,10,30,6.919327e+01
20,10,40,6.800212e+01
20,10,50,6.769485e+01
20,10,60,6.694681e+01
20,10,70,6.668075e+01
20,10,80,6.655445e+01
20,10,90,6.650447e+01
20,10,100,6.647365e+01
20,10,1,2.322857e+02
20,10,2,1.662427e+02
20,10,3,1.662425e+02
20,10,5,7.563006e+01
20,10,10,7.062491e+01
20,10,20,6.735613e+01
20,10,30,5.932619e+01
20,10,40,5.850616e+01
20,10,50,5.806867e+01
20,10,60,5.749246e+01
20,10,70,5.704473e+01
20,10,80,5.486415e+01
20,10,90,5.391154e+01
20,10,100,5.382678e+01
20,10,1,3.119985e+02
20,10,2,2.698657e+02
20,10,3,2.591614e+02
20,10,5,1.478161e+02
20,10,10,1.068053e+02
20,10,20,9.980946e+01
20,10,30,6.820894e+01
20,10,40,6.708807e+01
20,10,50,6.674614e+01
20,10,60,6.666421e+01
20,10,70,6.661881e+01
20,10,80,6.618496e+01
20,10,90,6.613395e+01
20,10,100,6.610197e+01
