funcid,dim,milestone,error
21,50,1,9.545645e+02
21,50,2,8.256812e+02
21,50,3,7.674776e+02
21,50,5,6.908788e+02
21,50,10,5.120841e+02
21,50,20,4.990482e+02
21,50,30,4.948207e+02
21,50,40,4.903496e+02
21,50,50,4.874910e+02
21,50,60,4.852737e+02
21,50,70,4.840188e+02
21,50,80,4.833397e+02
21,50,90,4.829685e+02
21,50,100,4.827164e+02
21,50,1,9.523039e+02
21,50,2,7.266163e+02
21,50,3,6.621767e+02
21,50,5,6.175691e+02
21,50,10,5.969313e+02
21,50,20,5.903428e+02
21,50,30,5.887526e+02
21,50,40,5.884240e+02
21,50,50,5.883453e+02
21,50,60,5.883026e+02
21,50,70,5.882803e+02
21,50,80,5.882683e+02
21,50,90,5.882604e+02
21,50,100,5.882555e+02
21,50,1,8.545555e+02
21,50,2,6.906221e+02
21,50,3,6.423662e+02
21,50,5,6.067313e+02
21,50,10,5.496370e+02
21,50,20,5.395959e+02
21,50,30,5.392412e+02
21,50,40,5.391237e+02
21,50,50,5.390555e+02
21,50,60,5.390311e+02
21,50,70,5.390135e+02
21,50,80,5.390030e+02
21,50,90,5.389963e+02
21,50,100,5.389921e+02
21,50,1,7.442377e+02
21,50,2,6.976877e+02
21,50,3,6.635380e+02
21,50,5,6.150333e+02
21,50,10,5.319689e+02
21,50,20,5.028907e+02
21,50,30,5.019101e+02
21,50,40,5.015494e+02
21,50,50,5.012441e+02
21,50,60,5.009621e+02
21,50,70,5.007247e+02
21,50,80,5.005996e+02
21,50,90,5.004926e+02
21,50,100,4.809058e+02
21,50,1,9.776737e+02
21,50,2,8.541615e+02
21,50,3,7.556411e+02
21,50,5,6.531129e+02
21,50,10,5.685796e+02
21,50,20,5.210297e+02
21,50,30,5.153941e+02
21,50,40,5.122965e+02
21,50,50,5.101264e+02
21,50,60,5.086989e+02
21,50,70,5.076819e+02
21,50,80,5.069886e+02
21,50,90,5.064653e+02
21,50,100,5.061212e+02
21,50,1,1.095627e+03
21,50,2,9.822791e+02
21,50,3,7.225197e+02
21,50,5,6.323130e+02
21,50,10,5.480977e+02
21,50,20,5.398108e+02
21,50,30,5.382614e+02
21,50,40,5.373121e+02
21,50,50,5.364558e+02
21,50,60,5.355880e+02
21,50,70,5.351300e+02
21,50,80,5.347385e+02
21,50,90,5.344551e+02
21,50,100,5.341316e+02
21,50,1,1.036870e+03
21,50,2,8.876321e+02
21,50,3,6.776650e+02
21,50,5,5.672049e+02
21,50,10,5.343087e+02
21,50,20,5.283739e+02
21,50,30,5.265674e+02
21,50,40,5.261249e+02
21,50,50,5.258600e+02
21,50,60,5.257206e+02
21,50,70,5.256600e+02
21,50,80,5.256294e+02
21,50,90,5.256050e+02
21,50,100,5.255763e+02
21,50,1,9.746200e+02
21,50,2,8.260393e+02
21,50,3,7.651624e+02
21,50,5,6.384417e+02
21,50,10,5.765251e+02
21,50,20,5.665286e+02
21,50,30,5.650849e+02
21,50,40,5.646874e+02
21,50,50,5.644779e+02
21,50,60,5.643684e+02
21,50,70,5.643098e+02
21,50,80,5.543025e+02
21,50,90,5.514396e+02
21,50,100,5.498920e+02
21,50,1,8.545926e+02
21,50,2,7.586060e+02
21,50,3,7.168572e+02
21,50,5,6.259941e+02
21,50,10,5.663461e+02
21,50,20,5.646160e+02
21,50,30,5.638906e+02
21,50,40,5.634405e+02
21,50,50,5.632451e+02
21,50,60,5.631308e+02
21,50,70,5.630469e+02
21,50,80,5.630047e+02
21,50,90,5.629860e+02
21,50,100,5.629747e+02
21,50,1,1.081895e+03
21,50,2,8.751589e+02
21,50,3,7.734660e+02
21,50,5,5.925682e+02
21,50,10,5.070819e+02
21,50,20,4.940906e+02
21,50,30,4.849089e+02
21,50,40,4.825643e+02
21,50,50,4.820457e+02
21,50,60,4.818375e+02
21,50,70,4.817286e+02
21,50,80,4.816660e+02
21,50,90,4.816371e+02
21,50,100,4.816132e+02
21,50,1,1.023375e+03
21,50,2,8.748575e+02
21,50,3,7.519323e+02
21,50,5,5.338171e+02
21,50,10,4.777787e+02
21,50,20,4.764979e+02
21,50,30,4.601246e+02
21,50,40,4.590001e+02
21,50,50,4.580410e+02
21,50,60,4.572105e+02
21,50,70,4.560463e+02
21,50,80,4.548489e+02
21,50,90,4.540270e+02
21,50,100,4.535579e+02
21,50,1,9.597692e+02
21,50,2,7.707484e+02
21,50,3,7.141872e+02
21,50,5,6.077765e+02
21,50,10,5.231679e+02
21,50,20,5.200966e+02
21,50,30,5.198854e+02
21,50,40,5.197630e+02
21,50,50,5.196573e+02
21,50,60,5.196289e+02
21,50,70,5.196123e+02
21,50,80,5.196071e+02
21,50,90,5.196016e+02
21,50,100,5.196001e+02
21,50,1,9.495471e+02
21,50,2,7.413417e+02
21,50,3,7.104437e+02
21,50,5,6.927776e+02
21,50,10,5.096653e+02
21,50,20,4.972760e+02
21,50,30,4.953613e+02
21,50,40,4.941889e+02
21,50,50,4.934330e+02
21,50,60,4.930527e+02
21,50,70,4.928344e+02
21,50,80,4.925752e+02
21,50,90,4.925551e+02
21,50,100,4.925464e+02
21,50,1,9.095864e+02
21,50,2,7.760279e+02
21,50,3,7.333562e+02
21,50,5,6.779854e+02
21,50,10,4.829651e+02
21,50,20,4.753153e+02
21,50,30,4.751511e+02
21,50,40,4.751258e+02
21,50,50,4.751212e+02
21,50,60,4.751203e+02
21,50,70,4.751201e+02
21,50,80,4.751200e+02
21,50,90,4.751199e+02
21,50,100,4.751199e+02
21,50,1,9.715694e+02
21,50,2,8.215608e+02
21,50,3,6.971847e+02
21,50,5,5.694588e+02
21,50,10,5.229194e+02
21,50,20,5.172050e+02
21,50,30,5.139554e+02
21,50,40,5.117286e+02
21,50,50,5.104314e+02
21,50,60,4.923035e+02
21,50,70,4.899313e+02
21,50,80,4.895485e+02
21,50,90,4.893352e+02
21,50,100,4.891758e+02
21,50,1,1.045815e+03
21,50,2,8.727442e+02
21,50,3,7.243963e+02
21,50,5,6.119131e+02
21,50,10,5.364560e+02
21,50,20,5.251258e+02
21,50,30,5.221808e+02
21,50,40,5.211710e+02
21,50,50,5.209715e+02
21,50,60,5.208589e+02
21,50,70,5.208010e+02
21,50,80,5.207686e+02
21,50,90,5.207483e+02
21,50,100,5.207424e+02
21,50,1,1.013553e+03
21,50,2,7.963831e+02
21,50,3,7.226192e+02
21,50,5,6.003748e+02
21,50,10,5.651615e+02
21,50,20,5.578948e+02
21,50,30,5.543843e+02
21,50,40,5.516905e+02
21,50,50,5.501256e+02
21,50,60,5.489225e+02
21,50,70,5.481687e+02
21,50,80,5.476386e+02
21,50,90,4.997027e+02
21,50,100,4.872032e+02
21,50,1,1.004760e+03
21,50,2,8.476986e+02
21,50,3,7.473340e+02
21,50,5,5.616522e+02
21,50,10,5.025501e+02
21,50,20,5.011625e+02
21,50,30,5.009953e+02
21,50,40,5.008578e+02
21,50,50,5.007929e+02
21,50,60,5.007735e+02
21,50,70,5.007620e+02
21,50,80,5.007542e+02
21,50,90,5.007493e+02
21,50,100,5.007455e+02
21,50,1,9.094995e+02
21,50,2,8.073599e+02
21,50,3,7.730655e+02
21,50,5,6.807873e+02
21,50,10,5.327832e+02
21,50,20,5.083729e+02
21,50,30,5.065670e+02
21,50,40,5.055970e+02
21,50,50,5.048341e+02
21,50,60,5.043795e+02
21,50,70,5.040254e+02
21,50,80,5.037753e+02
21,50,90,5.035769e+02
21,50,100,5.033377e+02
21,50,1,9.991571e+02
21,50,2,8.449350e+02
21,50,3,7.946097e+02
21,50,5,7.501935e+02
21,50,10,6.106035e+02
21,50,20,5.664986e+02
21,50,30,5.652955e+02
21,50,40,5.647521e+02
21,50,50,5.352920e+02
21,50,60,5.231794e+02
21,50,70,5.231073e+02
21,50,80,4.902583e+02
21,50,90,4.895524e+02
21,50,100,4.894640e+02
21,50,1,1.015062e+03
21,50,2,8.864881e+02
21,50,3,8.257475e+02
21,50,5,6.055226e+02
21,50,10,4.704703e+02
21,50,20,4.632909e+02
21,50,30,4.603959e+02
21,50,40,4.587154e+02
21,50,50,4.578753e+02
21,50,60,4.574334e+02
21,50,70,4.570508e+02
21,50,80,4.568317e+02
21,50,90,4.566837e+02
21,50,100,4.565878e+02
21,50,1,1.016623e+03
21,50,2,8.612409e+02
21,50,3,6.734875e+02
21,50,5,6.120297e+02
21,50,10,5.252232e+02
21,50,20,5.237365e+02
21,50,30,5.236249e+02
21,50,40,5.235738e+02
21,50,50,5.235439e+02
21,50,60,5.235261e+02
21,50,70,5.235131e+02
21,50,80,5.235056e+02
21,50,90,5.235004e+02
21,50,100,5.234968e+02
21,50,1,1.038665e+03
21,50,2,9.291573e+02
21,50,3,7.847920e+02
21,50,5,6.031010e+02
21,50,10,5.680204e+02
21,50,20,5.642814e+02
21,50,30,5.637434e+02
21,50,40,5.635992e+02
21,50,50,5.635537e+02
21,50,60,5.635302e+02
21,50,70,5.635150e+02
21,50,80,5.635067e+02
21,50,90,5.635004e+02
21,50,100,4.621146e+02
21,50,1,8.783337e+02
21,50,2,7.521183e+02
21,50,3,6.673010e+02
21,50,5,5.952181e+02
21,50,10,5.820726e+02
21,50,20,5.793197e+02
21,50,30,5.779939e+02
21,50,40,5.771510e+02
21,50,50,5.767024e+02
21,50,60,5.764226e+02
21,50,70,5.762526e+02
21,50,80,5.761590e+02
21,50,90,5.594429e+02
21,50,100,5.571320e+02
21,50,1,8.410711e+02
21,50,2,7.173469e+02
21,50,3,6.552618e+02
21,50,5,5.429029e+02
21,50,10,5.049262e+02
21,50,20,4.928686e+02
21,50,30,4.903097e+02
21,50,40,4.894221e+02
21,50,50,4.889979e+02
21,50,60,4.887756e+02
21,50,70,4.886146e+02
21,50,80,4.885397e+02
21,50,90,4.885023e+02
21,50,100,4.884739e+02
21,50,1,9.876418e+02
21,50,2,8.062411e+02
21,50,3,6.556523e+02
21,50,5,5.718580e+02
21,50,10,5.400518e+02
21,50,20,5.361258e+02
21,50,30,5.355524e+02
21,50,40,5.353804e+02
21,50,50,5.353239e+02
21,50,60,5.352959e+02
21,50,70,5.352774e+02
21,50,80,5.352671e+02
21,50,90,5.352606e+02
21,50,100,5.352560e+02
21,50,1,9.558308e+02
21,50,2,8.522818e+02
21,50,3,7.478331e+02
21,50,5,6.340408e+02
21,50,10,5.748303e+02
21,50,20,5.525762e+02
21,50,30,5.493727e+02
21,50,40,5.456538e+02
21,50,50,5.424526e+02
21,50,60,5.395828e+02
21,50,70,5.381907e+02
21,50,80,5.372820e+02
21,50,90,5.367572e+02
21,50,100,5.106027e+02
21,50,1,9.110099e+02
21,50,2,8.190465e+02
21,50,3,7.397423e+02
21,50,5,6.664027e+02
21,50,10,6.269831e+02
21,50,20,5.747650e+02
21,50,30,5.744986e+02
21,50,40,5.743927e+02
21,50,50,5.743300e+02
21,50,60,5.742947e+02
21,50,70,5.742708e+02
21,50,80,5.742497e+02
21,50,90,5.154889e+02
21,50,100,5.102441e+02
21,50,1,1.037691e+03
21,50,2,9.092104e+02
21,50,3,7.396133e+02
21,50,5,6.121522e+02
21,50,10,5.440126e+02
21,50,20,5.385744e+02
21,50,30,5.374652e+02
21,50,40,5.371338e+02
21,50,50,5.367948e+02
21,50,60,5.363088e+02
21,50,70,5.353183e+02
21,50,80,5.336003e+02
21,50,90,5.311827e+02
21,50,100,5.283692e+02
21,50,1,1.042885e+03
21,50,2,8.683575e+02
21,50,3,6.987999e+02
21,50,5,5.891771e+02
21,50,10,5.517328e+02
21,50,20,5.491663e+02
21,50,30,5.484639e+02
21,50,40,5.479621e+02
21,50,50,5.476403e+02
21,50,60,5.474808e+02
21,50,70,5.473709e+02
21,50,80,5.473082e+02
21,50,90,5.472795e+02
21,50,100,5.472626e+02
21,50,1,1.004813e+03
21,50,2,7.731197e+02
21,50,3,6.792627e+02
21,50,5,6.104986e+02
21,50,10,5.742354e+02
21,50,20,5.699759e+02
21,50,30,5.694807e+02
21,50,40,5.693775e+02
21,50,50,5.693367e+02
21,50,60,5.693207e+02
21,50,70,4.885589e+02
21,50,80,4.844186e+02
21,50,90,4.842635e+02
21,50,100,4.842089e+02
