funcid,dim,milestone,error
9,10,1,1.123334e+03
9,10,2,6.579564e+02
9,10,3,6.574816e+02
9,10,5,3.602722e+02
9,10,10,2.051420e+02
9,10,20,1.924237e+02
9,10,30,1.787746e+02
9,10,40,1.780735e+02
9,10,50,1.777438e+02
9,10,60,1.775684e+02
9,10,70,1.774251e+02
9,10,80,1.772903e+02
9,10,90,1.772192e+02
9,10,100,1.771382e+02
9,10,1,5.028084e+02
9,10,2,4.228063e+02
9,10,3,4.227664e+02
9,10,5,3.956614e+02
9,10,10,2.710262e+02
9,10,20,2.283614e+02
9,10,30,2.256314e+02
9,10,40,2.217359e+02
9,10,50,2.159522e+02
9,10,60,2.137323e+02
9,10,70,2.132912e+02
9,10,80,2.132084e+02
9,10,90,2.131968e+02
9,10,100,2.131923e+02
9,10,1,6.635846e+02
9,10,2,5.937376e+02
9,10,3,4.241133e+02
9,10,5,3.676323e+02
9,10,10,3.567589e+02
9,10,20,3.531400e+02
9,10,30,3.524221e+02
9,10,40,3.520913e+02
9,10,50,3.519548e+02
9,10,60,3.518690e+02
9,10,70,3.452387e+02
9,10,80,3.227457e+02
9,10,90,3.187562e+02
9,10,100,3.170566e+02
9,10,1,6.839512e+02
9,10,2,5.380169e+02
9,10,3,5.284332e+02
9,10,5,4.412677e+02
9,10,10,3.641022e+02
9,10,20,2.486063e+02
9,10,30,2.322734e+02
9,10,40,2.307207e+02
9,10,50,2.296581e+02
9,10,60,2.292079e+02
9,10,70,2.283922e+02
9,10,80,2.273803e+02
9,10,90,2.258611e+02
9,10,100,2.246604e+02
9,10,1,1.117172e+03
9,10,2,7.399965e+02
9,10,3,6.615123e+02
9,10,5,2.654288e+02
9,10,10,2.519182e+02
9,10,20,2.458763e+02
9,10,30,2.457675e+02
9,10,40,1.770493e+02
9,10,50,1.766932e+02
9,10,60,1.766682e+02
9,10,70,1.766652e+02
9,10,80,1.766642e+02
9,10,90,1.766641e+02
9,10,100,1.766641e+02
9,10,1,8.704031e+02
9,10,2,4.683864e+02
9,10,3,4.645704e+02
9,10,5,3.908111e+02
9,10,10,2.880686e+02
9,10,20,2.860041e+02
9,10,30,2.845889e+02
9,10,40,2.823651e+02
9,10,50,1.325233e+02
9,10,60,1.296204e+02
9,10,70,1.295569e+02
9,10,80,1.295292e+02
9,10,90,1.295163e+02
9,10,100,1.295034e+02
9,10,1,5.501454e+02
9,10,2,3.619821e+02
9,10,3,3.619438e+02
9,10,5,3.576081e+02
9,10,10,3.201351e+02
9,10,20,2.366366e+02
9,10,30,2.350833e+02
9,10,40,2.348917e+02
9,10,50,1.612968e+02
9,10,60,1.578731e+02
9,10,70,1.572258e+02
9,10,80,1.569236e+02
9,10,90,1.336495e+02
9,10,100,1.206129e+02
9,10,1,8.653800e+02
9,10,2,7.830627e+02
9,10,3,7.544602e+02
9,10,5,4.556330e+02
9,10,10,3.244107e+02
9,10,20,2.157221e+02
9,10,30,2.138026e+02
9,10,40,2.117095e+02
9,10,50,2.095413e+02
9,10,60,2.083957e+02
9,10,70,2.076383e+02
9,10,80,2.072879e+02
9,10,90,2.071787e+02
9,10,100,2.070887e+02
9,10,1,1.009844e+03
9,10,2,4.934022e+02
9,10,3,4.912586e+02
9,10,5,3.957241e+02
9,10,10,3.156889e+02
9,10,20,1.674186e+02
9,10,30,1.667199e+02
9,10,40,1.655427e+02
9,10,50,1.641397e+02
9,10,60,1.629402e+02
9,10,70,1.619099e+02
9,10,80,1.611773e+02
9,10,90,1.608285e+02
9,10,100,1.605650e+02
9,10,1,9.167625e+02
9,10,2,5.116434e+02
9,10,3,5.093355e+02
9,10,5,4.913573e+02
9,10,10,3.279214e+02
9,10,20,1.661108e+02
9,10,30,1.643390e+02
9,10,40,1.639826e+02
9,10,50,1.638599e+02
9,10,60,1.638015e+02
9,10,70,1.637751e+02
9,10,80,1.637668e+02
9,10,90,1.637603e+02
9,10,100,1.637563e+02
9,10,1,8.118439e+02
9,10,2,5.314945e+02
9,10,3,5.314945e+02
9,10,5,3.075952e+02
9,10,10,2.805402e+02
9,10,20,2.388871e+02
9,10,30,2.348879e+02
9,10,40,2.325347e+02
9,10,50,2.174716e+02
9,10,60,2.106979e+02
9,10,70,2.061286e+02
9,10,80,2.041388e+02
9,10,90,2.030471e+02
9,10,100,2.025865e+02
9,10,1,3.387344e+02
9,10,2,3.228322e+02
9,10,3,3.225619e+02
9,10,5,3.181277e+02
9,10,10,2.582186e+02
9,10,20,2.549740e+02
9,10,30,2.165991e+02
9,10,40,2.148275e+02
9,10,50,2.145962e+02
9,10,60,2.144680e+02
9,10,70,2.143696e+02
9,10,80,2.143025e+02
9,10,90,2.142769e+02
9,10,100,2.142491e+02
9,10,1,6.008535e+02
9,10,2,5.133476e+02
9,10,3,4.919311e+02
9,10,5,3.985705e+02
9,10,10,3.339619e+02
9,10,20,1.682080e+02
9,10,30,1.326119e+02
9,10,40,1.283540e+02
9,10,50,1.013955e+02
9,10,60,1.012486e+02
9,10,70,1.011162e+02
9,10,80,1.010293e+02
9,10,90,1.009818e+02
9,10,100,1.009611e+02
9,10,1,6.317440e+02
9,10,2,3.530632e+02
9,10,3,3.513672e+02
9,10,5,3.158257e+02
9,10,10,3.063534e+02
9,10,20,3.032417e+02
9,10,30,3.024766e+02
9,10,40,3.021885e+02
9,10,50,3.021213e+02
9,10,60,3.020837e+02
9,10,70,3.020720e+02
9,10,80,3.020618e+02
9,10,90,3.020538e+02
9,10,100,3.020459e+02
9,10,1,1.150044e+03
9,10,2,9.455949e+02
9,10,3,9.419747e+02
9,10,5,4.461969e+02
9,10,10,1.951176e+02
9,10,20,1.668558e+02
9,10,30,1.592060e+02
9,10,40,1.028874e+02
9,10,50,1.012160e+02
9,10,60,1.010127e+02
9,10,70,1.009861e+02
9,10,80,1.009770e+02
9,10,90,1.009729e+02
9,10,100,1.009674e+02
9,10,1,6.334733e+02
9,10,2,4.092242e+02
9,10,3,4.018137e+02
9,10,5,3.091833e+02
9,10,10,2.971151e+02
9,10,20,2.720624e+02
9,10,30,1.742122e+02
9,10,40,1.713330e+02
9,10,50,1.704051e+02
9,10,60,1.701717e+02
9,10,70,1.700685e+02
9,10,80,1.700215e+02
9,10,90,1.699966e+02
9,10,100,1.699822e+02
9,10,1,1.036638e+03
9,10,2,3.115290e+02
9,10,3,3.057737e+02
9,10,5,2.574430e+02
9,10,10,2.537677e+02
9,10,20,2.535152e+02
9,10,30,2.535091e+02
9,10,40,2.535070e+02
9,10,50,2.535061e+02
9,10,60,2.535054e+02
9,10,70,2.535045e+02
9,10,80,2.535038e+02
9,10,90,2.535033e+02
9,10,100,2.535027e+02
9,10,1,6.933049e+02
9,10,2,5.657214e+02
9,10,3,5.624898e+02
9,10,5,4.898056e+02
9,10,10,2.355140e+02
9,10,20,2.070625e+02
9,10,30,2.051235e+02
9,10,40,1.406214e+02
9,10,50,1.399255e+02
9,10,60,1.398215e+02
9,10,70,1.396283e+02
9,10,80,1.395231e+02
9,10,90,1.394248e+02
9,10,100,1.393392e+02
9,10,1,8.548470e+02
9,10,2,6.207238e+02
9,10,3,6.164140e+02
9,10,5,2.692147e+02
9,10,10,2.415079e+02
9,10,20,1.609925e+02
9,10,30,1.584505e+02
9,10,40,1.044366e+02
9,10,50,1.019790e+02
9,10,60,1.019279e+02
9,10,70,1.019173e+02
9,10,80,1.019142e+02
9,10,90,1.019116e+02
9,10,100,1.019088e+02
9,10,1,9.157779e+02
9,10,2,5.191408e+02
9,10,3,5.187596e+02
9,10,5,4.148687e+02
9,10,10,4.005115e+02
9,10,20,1.852742e+02
9,10,30,1.304918e+02
9,10,40,1.292554e+02
9,10,50,1.290181e+02
9,10,60,1.289109e+02
9,10,70,1.288394e+02
9,10,80,1.287867e+02
9,10,90,1.287249e+02
9,10,100,1.286741e+02
9,10,1,1.049380e+03
9,10,2,9.294949e+02
9,10,3,9.294949e+02
9,10,5,6.196611e+02
9,10,10,3.071333e+02
9,10,20,1.895533e+02
9,10,30,1.877064e+02
9,10,40,1.869391e+02
9,10,50,1.867935e+02
9,10,60,1.867638e+02
9,10,70,1.867373e+02
9,10,80,1.867069e+02
9,10,90,1.866696e+02
9,10,100,1.866386e+02
9,10,1,8.902666e+02
9,10,2,5.972764e+02
9,10,3,5.408344e+02
9,10,5,4.383030e+02
9,10,10,2.214352e+02
9,10,20,1.250157e+02
9,10,30,1.225192e+02
9,10,40,1.216403e+02
9,10,50,1.211648e+02
9,10,60,1.209369e+02
9,10,70,1.208605e+02
9,10,80,1.207924e+02
9,10,90,1.207570e+02
9,10,100,1.207360e+02
9,10,1,4.996110e+02
9,10,2,4.785613e+02
9,10,3,4.785613e+02
9,10,5,4.683545e+02
9,10,10,2.276313e+02
9,10,20,2.072356e+02
9,10,30,1.049713e+02
9,10,40,1.040781e+02
9,10,50,1.036088e+02
9,10,60,1.034099e+02
9,10,70,1.032903e+02
9,10,80,1.031700e+02
9,10,90,1.030973e+02
9,10,100,1.030442e+02
9,10,1,3.847343e+02
9,10,2,3.565358e+02
9,10,3,3.547471e+02
9,10,5,3.296728e+02
9,10,10,2.264420e+02
9,10,20,1.779825e+02
9,10,30,1.671146e+02
9,10,40,1.645014e+02
9,10,50,1.636777e+02
9,10,60,1.631470e+02
9,10,70,1.629569e+02
9,10,80,1.627972e+02
9,10,90,1.627117e+02
9,10,100,1.626425e+02
9,10,1,9.163856e+02
9,10,2,6.114111e+02
9,10,3,6.089399e+02
9,10,5,3.981246e+02
9,10,10,3.535289e+02
9,10,20,1.263981e+02
9,10,30,1.232350e+02
9,10,40,1.218319e+02
9,10,50,1.214559e+02
9,10,60,1.213505e+02
9,10,70,1.212463e+02
9,10,80,1.211813e+02
9,10,90,1.210964e+02
9,10,100,1.210204e+02
9,10,1,1.016342e+03
9,10,2,4.807398e+02
9,10,3,4.793282e+02
9,10,5,4.108780e+02
9,10,10,2.901033e+02
9,10,20,1.643008e+02
9,10,30,1.584135e+02
9,10,40,1.201012e+02
9,10,50,1.169131e+02
9,10,60,1.157559e+02
9,10,70,1.129175e+02
9,10,80,1.109213e+02
9,10,90,1.101088e+02
9,10,100,1.097109e+02
9,10,1,7.449087e+02
9,10,2,5.948041e+02
9,10,3,5.622730e+02
9,10,5,4.045726e+02
9,10,10,2.967513e+02
9,10,20,5.896141e+01
9,10,30,5.856317e+01
9,10,40,5.792016e+01
9,10,50,5.702209e+01
9,10,60,5.680407e+01
9,10,70,5.671078e+01
9,10,80,5.666879e+01
9,10,90,5.665056e+01
9,10,100,5.663593e+01
9,10,1,1.006545e+03
9,10,2,9.346095e+02
9,10,3,9.340567e+02
9,10,5,8.364210e+02
9,10,10,5.351596e+02
9,10,20,1.416203e+02
9,10,30,1.354872e+02
9,10,40,1.351597e+02
9,10,50,1.350131e+02
9,10,60,1.349601e+02
9,10,70,1.349061e+02
9,10,80,1.348439e+02
9,10,90,1.347972e+02
9,10,100,1.347371e+02
9,10,1,5.240250e+02
9,10,2,4.022907e+02
9,10,3,4.021753e+02
9,10,5,3.328753e+02
9,10,10,2.935955e+02
9,10,20,2.029503e+02
9,10,30,1.781011e+02
9,10,40,1.590166e+02
9,10,50,1.264496e+02
9,10,60,1.262866e+02
9,10,70,1.262527e+02
9,10,80,1.262417e+02
9,10,90,1.262339e+02
9,10,100,1.262301e+02
9,10,1,1.236547e+03
9,10,2,8.006647e+02
9,10,3,5.760382e+02
9,10,5,4.514793e+02
9,10,10,1.720642e+02
9,10,20,1.225016e+02
9,10,30,1.172185e+02
9,10,40,1.168105e+02
9,10,50,1.167052e+02
9,10,60,1.166582e+02
9,10,70,1.166195e+02
9,10,80,1.165925e+02
9,10,90,1.165722e+02
9,10,100,1.165481e+02
9,10,1,1.246348e+03
9,10,2,8.925185e+02
9,10,3,8.918202e+02
9,10,5,3.581582e+02
9,10,10,2.803910e+02
9,10,20,9.523050e+01
9,10,30,9.294330e+01
9,10,40,9.232200e+01
9,10,50,9.209137e+01
9,10,60,9.200934e+01
9,10,70,9.197199e+01
9,10,80,9.193703e+01
9,10,90,9.191181e+01
9,10,100,9.189511e+01
