funcid,dim,milestone,error
7,10,1,1.602670e+02
7,10,2,8.585637e+01
7,10,3,8.393011e+01
7,10,5,7.365742e+01
7,10,10,6.827873e+01
7,10,20,6.787446e+01
7,10,30,6.787434e+01
7,10,40,6.230301e+01
7,10,50,6.149990e+01
7,10,60,6.149962e+01
7,10,70,6.149961e+01
7,10,80,6.149961e+01
7,10,90,6.149961e+01
7,10,100,6.149961e+01
7,10,1,9.630790e+01
7,10,2,9.048609e+01
7,10,3,9.034474e+01
7,10,5,7.367205e+01
7,10,10,6.531785e+01
7,10,20,6.457755e+01
7,10,30,6.457728e+01
7,10,40,4.770309e+01
7,10,50,4.766632e+01
7,10,60,4.766626e+01
7,10,70,4.766625e+01
7,10,80,4.766625e+01
7,10,90,4.766625e+01
7,10,100,4.766625e+01
7,10,1,9.865660e+01
7,10,2,7.056027e+01
7,10,3,6.948767e+01
7,10,5,6.536343e+01
7,10,10,6.436675e+01
7,10,20,6.435928e+01
7,10,30,6.435920e+01
7,10,40,6.435920e+01
7,10,50,6.435920e+01
7,10,60,6.435920e+01
7,10,70,6.435920e+01
7,10,80,6.435920e+01
7,10,90,6.435920e+01
7,10,100,6.435920e+01
7,10,1,1.135412e+02
7,10,2,9.100621e+01
7,10,3,8.768891e+01
7,10,5,8.079302e+01
7,10,10,6.127901e+01
7,10,20,5.151582e+01
7,10,30,5.150651e+01
7,10,40,5.150644e+01
7,10,50,5.150644e+01
7,10,60,5.150644e+01
7,10,70,5.150644e+01
7,10,80,5.150644e+01
7,10,90,5.150644e+01
7,10,100,5.150644e+01
7,10,1,1.512084e+02
7,10,2,1.132548e+02
7,10,3,1.129687e+02
7,10,5,8.381404e+01
7,10,10,8.139268e+01
7,10,20,6.430579e+01
7,10,30,6.191375e+01
7,10,40,6.187678e+01
7,10,50,6.187670e+01
7,10,60,6.187670e+01
7,10,70,6.187670e+01
7,10,80,6.187670e+01
7,10,90,6.187670e+01
7,10,100,6.187670e+01
7,10,1,1.103875e+02
7,10,2,5.933002e+01
7,10,3,5.895412e+01
7,10,5,3.866594e+01
7,10,10,3.702355e+01
7,10,20,3.698583e+01
7,10,30,3.698569e+01
7,10,40,3.698569e+01
7,10,50,3.698568e+01
7,10,60,3.698568e+01
7,10,70,3.698568e+01
7,10,80,3.698568e+01
7,10,90,3.698568e+01
7,10,100,3.698568e+01
7,10,1,1.269853e+02
7,10,2,7.902114e+01
7,10,3,7.863465e+01
7,10,5,7.425821e+01
7,10,10,5.421511e+01
7,10,20,4.752078e+01
7,10,30,4.723487e+01
7,10,40,4.723403e+01
7,10,50,4.723402e+01
7,10,60,4.723402e+01
7,10,70,4.723402e+01
7,10,80,4.723402e+01
7,10,90,4.723402e+01
7,10,100,4.723402e+01
7,10,1,1.448937e+02
7,10,2,9.976105e+01
7,10,3,9.847748e+01
7,10,5,6.857240e+01
7,10,10,6.696545e+01
7,10,20,5.970365e+01
7,10,30,5.528303e+01
7,10,40,5.518562e+01
7,10,50,5.518552e+01
7,10,60,5.518552e+01
7,10,70,5.518552e+01
7,10,80,5.518552e+01
7,10,90,5.518552e+01
7,10,100,5.518552e+01
7,10,1,1.290121e+02
7,10,2,9.762850e+01
7,10,3,9.692754e+01
7,10,5,8.484347e+01
7,10,10,5.133312e+01
7,10,20,5.061665e+01
7,10,30,5.061585e+01
7,10,40,5.061584e+01
7,10,50,5.061584e+01
7,10,60,5.061584e+01
7,10,70,5.061584e+01
7,10,80,5.061584e+01
7,10,90,5.061584e+01
7,10,100,5.061584e+01
7,10,1,1.163242e+02
7,10,2,1.042622e+02
7,10,3,1.042622e+02
7,10,5,8.758159e+01
7,10,10,8.250543e+01
7,10,20,8.225683e+01
7,10,30,8.225646e+01
7,10,40,8.225646e+01
7,10,50,8.225646e+01
7,10,60,8.225646e+01
7,10,70,8.225646e+01
7,10,80,8.225646e+01
7,10,90,8.225646e+01
7,10,100,8.225646e+01
7,10,1,1.202807e+02
7,10,2,1.057712e+02
7,10,3,9.534553e+01
7,10,5,8.764817e+01
7,10,10,8.711153e+01
7,10,20,8.705141e+01
7,10,30,5.679195e+01
7,10,40,5.672130e+01
7,10,50,5.672119e+01
7,10,60,5.672119e+01
7,10,70,5.672119e+01
7,10,80,5.672119e+01
7,10,90,5.672119e+01
7,10,100,5.672119e+01
7,10,1,1.374947e+02
7,10,2,9.033197e+01
7,10,3,8.885918e+01
7,10,5,6.171296e+01
7,10,10,5.749992e+01
7,10,20,5.742322e+01
7,10,30,5.742314e+01
7,10,40,5.742314e+01
7,10,50,5.742314e+01
7,10,60,5.742314e+01
7,10,70,5.742314e+01
7,10,80,5.742314e+01
7,10,90,5.742314e+01
7,10,100,5.742314e+01
7,10,1,1.138576e+02
7,10,2,9.551916e+01
7,10,3,9.418124e+01
7,10,5,7.787317e+01
7,10,10,7.645880e+01
7,10,20,7.640473e+01
7,10,30,5.137472e+01
7,10,40,5.128442e+01
7,10,50,5.128409e+01
7,10,60,5.128408e+01
7,10,70,5.128408e+01
7,10,80,5.128408e+01
7,10,90,5.128408e+01
7,10,100,5.128408e+01
7,10,1,1.168563e+02
7,10,2,1.110143e+02
7,10,3,8.829557e+01
7,10,5,5.854760e+01
7,10,10,5.591633e+01
7,10,20,5.369376e+01
7,10,30,5.360254e+01
7,10,40,5.360238e+01
7,10,50,5.360238e+01
7,10,60,5.360238e+01
7,10,70,5.360238e+01
7,10,80,5.360238e+01
7,10,90,5.360238e+01
7,10,100,5.360238e+01
7,10,1,1.264348e+02
7,10,2,8.580764e+01
7,10,3,8.575530e+01
7,10,5,7.463987e+01
7,10,10,6.207925e+01
7,10,20,6.201157e+01
7,10,30,6.201148e+01
7,10,40,6.201147e+01
7,10,50,6.201147e+01
7,10,60,6.201147e+01
7,10,70,6.201147e+01
7,10,80,5.838712e+01
7,10,90,5.834421e+01
7,10,100,5.834369e+01
7,10,1,1.466220e+02
7,10,2,8.817082e+01
7,10,3,8.760387e+01
7,10,5,5.257374e+01
7,10,10,4.715383e+01
7,10,20,3.980583e+01
7,10,30,3.980398e+01
7,10,40,3.980393e+01
7,10,50,3.980393e+01
7,10,60,3.980393e+01
7,10,70,3.980393e+01
7,10,80,3.980393e+01
7,10,90,3.980393e+01
7,10,100,3.980393e+01
7,10,1,1.065768e+02
7,10,2,7.020516e+01
7,10,3,6.974441e+01
7,10,5,6.689786e+01
7,10,10,6.659737e+01
7,10,20,6.657916e+01
7,10,30,6.657912e+01
7,10,40,6.657912e+01
7,10,50,6.657912e+01
7,10,60,6.657912e+01
7,10,70,6.657912e+01
7,10,80,6.657912e+01
7,10,90,6.657912e+01
7,10,100,6.657912e+01
7,10,1,1.472928e+02
7,10,2,1.009554e+02
7,10,3,1.006943e+02
7,10,5,8.960153e+01
7,10,10,8.812677e+01
7,10,20,8.798674e+01
7,10,30,8.087511e+01
7,10,40,7.995956e+01
7,10,50,7.995909e+01
7,10,60,7.995908e+01
7,10,70,7.995908e+01
7,10,80,7.995908e+01
7,10,90,7.995908e+01
7,10,100,7.995908e+01
7,10,1,1.575859e+02
7,10,2,1.129433e+02
7,10,3,1.129433e+02
7,10,5,9.638099e+01
7,10,10,9.217207e+01
7,10,20,7.131210e+01
7,10,30,6.271839e+01
7,10,40,6.260653e+01
7,10,50,6.260651e+01
7,10,60,6.260651e+01
7,10,70,6.260651e+01
7,10,80,6.260651e+01
7,10,90,6.260651e+01
7,10,100,6.260651e+01
7,10,1,1.113148e+02
7,10,2,7.895566e+01
7,10,3,7.846907e+01
7,10,5,7.040809e+01
7,10,10,6.003388e+01
7,10,20,5.941402e+01
7,10,30,5.941390e+01
7,10,40,5.941390e+01
7,10,50,5.941390e+01
7,10,60,5.941390e+01
7,10,70,5.941390e+01
7,10,80,5.941390e+01
7,10,90,5.941390e+01
7,10,100,5.478314e+01
7,10,1,9.470170e+01
7,10,2,7.431911e+01
7,10,3,7.408342e+01
7,10,5,6.174820e+01
7,10,10,5.662916e+01
7,10,20,5.585552e+01
7,10,30,5.585517e+01
7,10,40,5.585516e+01
7,10,50,5.585516e+01
7,10,60,5.585516e+01
7,10,70,5.585516e+01
7,10,80,5.585516e+01
7,10,90,5.585516e+01
7,10,100,5.585516e+01
7,10,1,9.687118e+01
7,10,2,7.785764e+01
7,10,3,7.760875e+01
7,10,5,6.442495e+01
7,10,10,5.674364e+01
7,10,20,5.664925e+01
7,10,30,4.314900e+01
7,10,40,4.307882e+01
7,10,50,4.307877e+01
7,10,60,4.307877e+01
7,10,70,4.307877e+01
7,10,80,4.307877e+01
7,10,90,4.307877e+01
7,10,100,4.307877e+01
7,10,1,1.343080e+02
7,10,2,1.148568e+02
7,10,3,1.148568e+02
7,10,5,7.048125e+01
7,10,10,6.337743e+01
7,10,20,5.584333e+01
7,10,30,5.584136e+01
7,10,40,5.584134e+01
7,10,50,5.584134e+01
7,10,60,5.584134e+01
7,10,70,5.584134e+01
7,10,80,5.584134e+01
7,10,90,5.584134e+01
7,10,100,5.584134e+01
7,10,1,1.044436e+02
7,10,2,7.160445e+01
7,10,3,7.117187e+01
7,10,5,5.600998e+01
7,10,10,5.293145e+01
7,10,20,5.289379e+01
7,10,30,5.289372e+01
7,10,40,5.289371e+01
7,10,50,5.289371e+01
7,10,60,5.289371e+01
7,10,70,5.289371e+01
7,10,80,5.289371e+01
7,10,90,5.289371e+01
7,10,100,5.289371e+01
7,10,1,1.740353e+02
7,10,2,1.224987e+02
7,10,3,1.224987e+02
7,10,5,1.004732e+02
7,10,10,7.504021e+01
7,10,20,6.770675e+01
7,10,30,6.770524e+01
7,10,40,6.770523e+01
7,10,50,6.770523e+01
7,10,60,6.770523e+01
7,10,70,6.770523e+01
7,10,80,6.770523e+01
7,10,90,6.207616e+01
7,10,100,5.964470e+01
7,10,1,1.343424e+02
7,10,2,5.773896e+01
7,10,3,5.758063e+01
7,10,5,4.585950e+01
7,10,10,3.789560e+01
7,10,20,3.670896e+01
7,10,30,3.670862e+01
7,10,40,3.670861e+01
7,10,50,3.670861e+01
7,10,60,3.670861e+01
7,10,70,3.670861e+01
7,10,80,3.670861e+01
7,10,90,3.670861e+01
7,10,100,3.670861e+01
7,10,1,1.131286e+02
7,10,2,6.125079e+01
7,10,3,6.085372e+01
7,10,5,4.085662e+01
7,10,10,3.806296e+01
7,10,20,3.802869e+01
7,10,30,3.802866e+01
7,10,40,3.802865e+01
7,10,50,3.802865e+01
7,10,60,3.802865e+01
7,10,70,3.802865e+01
7,10,80,3.802865e+01
7,10,90,3.802865e+01
7,10,100,3.802865e+01
7,10,1,1.273757e+02
7,10,2,1.023059e+02
7,10,3,1.023055e+02
7,10,5,7.043496e+01
7,10,10,6.216589e+01
7,10,20,6.037330e+01
7,10,30,6.037041e+01
7,10,40,5.456060e+01
7,10,50,5.455901e+01
7,10,60,5.455900e+01
7,10,70,5.455900e+01
7,10,80,5.455900e+01
7,10,90,5.455900e+01
7,10,100,5.455900e+01
7,10,1,1.514157e+02
7,10,2,1.107468e+02
7,10,3,1.102547e+02
7,10,5,6.702841e+01
7,10,10,6.279115e+01
7,10,20,6.273461e+01
7,10,30,6.273459e+01
7,10,40,6.273459e+01
7,10,50,6.273459e+01
7,10,60,6.273459e+01
7,10,70,6.273459e+01
7,10,80,6.273459e+01
7,10,90,6.273459e+01
7,10,100,6.273459e+01
7,10,1,1.033691e+02
7,10,2,8.898721e+01
7,10,3,8.612461e+01
7,10,5,7.759449e+01
7,10,10,5.987380e+01
7,10,20,4.434598e+01
7,10,30,4.433509e+01
7,10,40,4.433505e+01
7,10,50,4.433505e+01
7,10,60,4.433504e+01
7,10,70,4.433504e+01
7,10,80,4.433504e+01
7,10,90,4.433504e+01
7,10,100,4.433504e+01
7,10,1,1.246773e+02
7,10,2,1.126176e+02
7,10,3,1.123815e+02
7,10,5,7.802304e+01
7,10,10,6.804621e+01
7,10,20,5.992258e+01
7,10,30,5.988949e+01
7,10,40,5.988914e+01
7,10,50,5.988913e+01
7,10,60,5.988913e+01
7,10,70,5.988913e+01
7,10,80,5.988913e+01
7,10,90,5.988913e+01
7,10,100,5.988913e+01
