funcid,dim,milestone,error
5,50,1,4.746865e+02
5,50,2,4.079238e+02
5,50,3,3.803378e+02
5,50,5,3.566874e+02
5,50,10,3.485533e+02
5,50,20,3.482350e+02
5,50,30,3.482335e+02
5,50,40,3.482334e+02
5,50,50,3.482334e+02
5,50,60,3.482334e+02
5,50,70,3.482334e+02
5,50,80,3.482334e+02
5,50,90,3.482334e+02
5,50,100,3.482334e+02
5,50,1,5.408585e+02
5,50,2,4.666642e+02
5,50,3,4.202371e+02
5,50,5,3.657367e+02
5,50,10,3.397905e+02
5,50,20,3.392824e+02
5,50,30,3.392789e+02
5,50,40,3.392789e+02
5,50,50,3.392789e+02
5,50,60,3.392789e+02
5,50,70,3.392789e+02
5,50,80,3.392789e+02
5,50,90,3.392789e+02
5,50,100,3.392789e+02
5,50,1,5.067961e+02
5,50,2,4.485547e+02
5,50,3,4.259433e+02
5,50,5,3.920459e+02
5,50,10,3.567712e+02
5,50,20,3.552017e+02
5,50,30,3.551983e+02
5,50,40,3.551982e+02
5,50,50,3.551982e+02
5,50,60,3.152971e+02
5,50,70,3.134150e+02
5,50,80,3.134102e+02
5,50,90,3.134101e+02
5,50,100,3.134101e+02
5,50,1,4.934871e+02
5,50,2,4.440267e+02
5,50,3,4.044915e+02
5,50,5,3.809480e+02
5,50,10,3.743190e+02
5,50,20,3.741031e+02
5,50,30,3.741014e+02
5,50,40,3.741013e+02
5,50,50,3.741013e+02
5,50,60,3.741013e+02
5,50,70,3.741013e+02
5,50,80,3.741013e+02
5,50,90,3.741013e+02
5,50,100,3.741013e+02
5,50,1,5.156504e+02
5,50,2,4.498973e+02
5,50,3,4.049118e+02
5,50,5,3.593215e+02
5,50,10,3.380564e+02
5,50,20,3.372913e+02
5,50,30,3.372893e+02
5,50,40,3.372892e+02
5,50,50,3.372892e+02
5,50,60,3.372892e+02
5,50,70,3.372892e+02
5,50,80,3.372892e+02
5,50,90,3.372892e+02
5,50,100,3.372892e+02
5,50,1,5.105240e+02
5,50,2,4.348723e+02
5,50,3,3.926899e+02
5,50,5,3.674138e+02
5,50,10,3.632403e+02
5,50,20,3.631584e+02
5,50,30,3.631577e+02
5,50,40,3.631577e+02
5,50,50,3.631577e+02
5,50,60,3.631577e+02
5,50,70,3.631577e+02
5,50,80,3.631577e+02
5,50,90,3.631577e+02
5,50,100,3.631577e+02
5,50,1,5.137551e+02
5,50,2,4.525019e+02
5,50,3,4.179942e+02
5,50,5,3.777682e+02
5,50,10,3.570137e+02
5,50,20,3.561962e+02
5,50,30,3.561929e+02
5,50,40,3.561929e+02
5,50,50,3.561929e+02
5,50,60,3.561929e+02
5,50,70,3.561929e+02
5,50,80,3.561929e+02
5,50,90,3.561929e+02
5,50,100,3.561929e+02
5,50,1,5.243686e+02
5,50,2,4.304140e+02
5,50,3,3.819298e+02
5,50,5,3.357999e+02
5,50,10,3.104271e+02
5,50,20,3.094337e+02
5,50,30,3.094302e+02
5,50,40,3.094301e+02
5,50,50,3.094301e+02
5,50,60,3.094301e+02
5,50,70,3.094301e+02
5,50,80,3.094301e+02
5,50,90,3.094301e+02
5,50,100,3.094301e+02
5,50,1,5.370740e+02
5,50,2,4.874370e+02
5,50,3,4.507345e+02
5,50,5,4.006646e+02
5,50,10,3.524288e+02
5,50,20,3.502307e+02
5,50,30,3.502231e+02
5,50,40,3.502229e+02
5,50,50,3.502229e+02
5,50,60,3.502229e+02
5,50,70,3.502229e+02
5,50,80,3.502229e+02
5,50,90,3.502229e+02
5,50,100,3.502229e+02
5,50,1,5.183573e+02
5,50,2,4.259314e+02
5,50,3,3.828856e+02
5,50,5,3.444850e+02
5,50,10,3.310332e+02
5,50,20,3.303281e+02
5,50,30,3.303242e+02
5,50,40,3.303241e+02
5,50,50,3.303241e+02
5,50,60,3.303241e+02
5,50,70,3.303241e+02
5,50,80,3.303241e+02
5,50,90,3.303241e+02
5,50,100,3.303241e+02
5,50,1,5.154015e+02
5,50,2,4.477296e+02
5,50,3,4.164643e+02
5,50,5,3.810594e+02
5,50,10,3.637027e+02
5,50,20,3.502899e+02
5,50,30,3.502237e+02
5,50,40,3.502231e+02
5,50,50,3.502230e+02
5,50,60,3.502230e+02
5,50,70,3.502230e+02
5,50,80,3.502230e+02
5,50,90,3.502230e+02
5,50,100,3.502230e+02
5,50,1,5.282428e+02
5,50,2,4.530311e+02
5,50,3,4.242172e+02
5,50,5,3.917293e+02
5,50,10,3.669855e+02
5,50,20,3.552209e+02
5,50,30,3.551974e+02
5,50,40,3.551971e+02
5,50,50,3.551971e+02
5,50,60,3.551971e+02
5,50,70,3.551971e+02
5,50,80,3.551971e+02
5,50,90,3.551971e+02
5,50,100,3.551971e+02
5,50,1,5.115430e+02
5,50,2,4.571712e+02
5,50,3,4.204277e+02
5,50,5,3.573012e+02
5,50,10,3.361135e+02
5,50,20,3.353026e+02
5,50,30,3.352989e+02
5,50,40,3.352988e+02
5,50,50,3.352988e+02
5,50,60,3.352988e+02
5,50,70,3.352988e+02
5,50,80,3.352988e+02
5,50,90,3.352988e+02
5,50,100,3.352988e+02
5,50,1,4.864046e+02
5,50,2,4.179582e+02
5,50,3,3.889400e+02
5,50,5,3.562454e+02
5,50,10,2.764455e+02
5,50,20,2.726288e+02
5,50,30,2.726175e+02
5,50,40,2.726173e+02
5,50,50,2.726173e+02
5,50,60,2.726173e+02
5,50,70,2.726173e+02
5,50,80,2.726173e+02
5,50,90,2.726173e+02
5,50,100,2.726173e+02
5,50,1,5.260063e+02
5,50,2,3.978826e+02
5,50,3,3.605072e+02
5,50,5,3.335348e+02
5,50,10,3.265803e+02
5,50,20,3.263452e+02
5,50,30,3.263442e+02
5,50,40,3.263442e+02
5,50,50,3.263442e+02
5,50,60,3.263442e+02
5,50,70,3.263442e+02
5,50,80,3.263442e+02
5,50,90,3.263442e+02
5,50,100,3.263442e+02
5,50,1,5.397252e+02
5,50,2,4.644410e+02
5,50,3,4.311914e+02
5,50,5,4.016374e+02
5,50,10,3.951759e+02
5,50,20,3.949972e+02
5,50,30,3.949953e+02
5,50,40,3.949953e+02
5,50,50,3.949953e+02
5,50,60,3.949953e+02
5,50,70,3.949953e+02
5,50,80,3.949953e+02
5,50,90,3.949953e+02
5,50,100,3.949953e+02
5,50,1,5.278194e+02
5,50,2,4.672340e+02
5,50,3,4.363703e+02
5,50,5,3.942174e+02
5,50,10,3.709134e+02
5,50,20,3.701237e+02
5,50,30,3.701215e+02
5,50,40,3.701215e+02
5,50,50,3.701215e+02
5,50,60,2.945608e+02
5,50,70,2.915296e+02
5,50,80,2.915212e+02
5,50,90,2.915211e+02
5,50,100,2.915211e+02
5,50,1,5.219053e+02
5,50,2,4.606465e+02
5,50,3,4.235011e+02
5,50,5,3.917058e+02
5,50,10,3.767872e+02
5,50,20,3.760936e+02
5,50,30,3.760915e+02
5,50,40,3.760915e+02
5,50,50,3.760915e+02
5,50,60,3.760915e+02
5,50,70,3.760915e+02
5,50,80,3.760915e+02
5,50,90,3.760915e+02
5,50,100,3.760915e+02
5,50,1,5.750075e+02
5,50,2,4.949872e+02
5,50,3,4.511551e+02
5,50,5,4.093569e+02
5,50,10,3.858123e+02
5,50,20,3.850516e+02
5,50,30,3.850456e+02
5,50,40,3.850455e+02
5,50,50,3.850455e+02
5,50,60,3.850455e+02
5,50,70,3.850455e+02
5,50,80,3.850455e+02
5,50,90,3.850455e+02
5,50,100,3.850455e+02
5,50,1,5.325228e+02
5,50,2,4.712796e+02
5,50,3,4.225120e+02
5,50,5,3.883639e+02
5,50,10,3.555912e+02
5,50,20,3.542052e+02
5,50,30,3.542028e+02
5,50,40,3.542028e+02
5,50,50,3.542028e+02
5,50,60,3.542028e+02
5,50,70,3.542028e+02
5,50,80,3.542028e+02
5,50,90,3.542028e+02
5,50,100,3.542028e+02
5,50,1,4.629278e+02
5,50,2,4.214809e+02
5,50,3,3.960575e+02
5,50,5,3.521429e+02
5,50,10,3.214032e+02
5,50,20,3.183941e+02
5,50,30,3.183849e+02
5,50,40,3.183848e+02
5,50,50,3.183848e+02
5,50,60,3.183848e+02
5,50,70,3.183848e+02
5,50,80,3.183848e+02
5,50,90,3.183848e+02
5,50,100,3.183848e+02
5,50,1,5.234969e+02
5,50,2,4.629566e+02
5,50,3,4.197114e+02
5,50,5,3.848844e+02
5,50,10,3.659077e+02
5,50,20,3.651498e+02
5,50,30,3.651473e+02
5,50,40,3.651472e+02
5,50,50,3.651472e+02
5,50,60,3.651472e+02
5,50,70,3.651472e+02
5,50,80,3.651472e+02
5,50,90,3.651472e+02
5,50,100,3.651472e+02
5,50,1,4.553012e+02
5,50,2,3.783870e+02
5,50,3,3.523440e+02
5,50,5,3.234465e+02
5,50,10,2.965964e+02
5,50,20,2.845840e+02
5,50,30,2.845565e+02
5,50,40,2.845563e+02
5,50,50,2.845562e+02
5,50,60,2.845562e+02
5,50,70,2.845562e+02
5,50,80,2.845562e+02
5,50,90,2.845562e+02
5,50,100,2.845562e+02
5,50,1,5.048617e+02
5,50,2,4.412586e+02
5,50,3,4.207375e+02
5,50,5,3.891582e+02
5,50,10,3.729434e+02
5,50,20,3.721156e+02
5,50,30,2.710788e+02
5,50,40,2.676518e+02
5,50,50,2.676426e+02
5,50,60,2.676425e+02
5,50,70,2.676425e+02
5,50,80,2.676425e+02
5,50,90,2.676425e+02
5,50,100,2.676425e+02
5,50,1,5.710898e+02
5,50,2,4.807219e+02
5,50,3,4.147349e+02
5,50,5,3.498800e+02
5,50,10,3.136551e+02
5,50,20,3.124187e+02
5,50,30,3.124144e+02
5,50,40,3.124143e+02
5,50,50,3.124143e+02
5,50,60,3.124143e+02
5,50,70,3.124143e+02
5,50,80,3.124143e+02
5,50,90,3.124143e+02
5,50,100,3.005106e+02
5,50,1,5.347226e+02
5,50,2,4.648523e+02
5,50,3,4.380198e+02
5,50,5,4.045109e+02
5,50,10,3.826771e+02
5,50,20,3.810741e+02
5,50,30,3.810664e+02
5,50,40,3.810663e+02
5,50,50,3.810663e+02
5,50,60,3.810663e+02
5,50,70,3.810663e+02
5,50,80,3.810663e+02
5,50,90,3.810663e+02
5,50,100,3.810663e+02
5,50,1,5.258122e+02
5,50,2,4.692372e+02
5,50,3,4.319443e+02
5,50,5,3.888784e+02
5,50,10,3.593385e+02
5,50,20,3.581868e+02
5,50,30,3.581829e+02
5,50,40,3.581828e+02
5,50,50,3.581828e+02
5,50,60,3.581828e+02
5,50,70,3.581828e+02
5,50,80,3.581828e+02
5,50,90,3.581828e+02
5,50,100,3.581828e+02
5,50,1,4.752316e+02
5,50,2,3.863202e+02
5,50,3,3.392866e+02
5,50,5,3.081054e+02
5,50,10,2.846363e+02
5,50,20,2.815796e+02
5,50,30,2.815718e+02
5,50,40,2.815717e+02
5,50,50,2.815717e+02
5,50,60,2.815717e+02
5,50,70,2.815717e+02
5,50,80,2.815717e+02
5,50,90,2.815717e+02
5,50,100,2.815717e+02
5,50,1,5.075690e+02
5,50,2,4.476082e+02
5,50,3,4.048231e+02
5,50,5,3.726809e+02
5,50,10,3.643522e+02
5,50,20,3.641539e+02
5,50,30,3.641518e+02
5,50,40,3.641518e+02
5,50,50,3.641518e+02
5,50,60,3.641518e+02
5,50,70,3.641518e+02
5,50,80,3.641518e+02
5,50,90,3.641518e+02
5,50,100,3.641518e+02
5,50,1,5.087250e+02
5,50,2,4.370645e+02
5,50,3,4.082792e+02
5,50,5,3.671420e+02
5,50,10,3.262916e+02
5,50,20,3.223751e+02
5,50,30,3.223648e+02
5,50,40,3.223646e+02
5,50,50,3.223646e+02
5,50,60,3.223646e+02
5,50,70,3.223646e+02
5,50,80,3.223646e+02
5,50,90,3.223646e+02
5,50,100,3.223646e+02
5,50,1,5.145610e+02
5,50,2,4.616066e+02
5,50,3,4.275673e+02
5,50,5,4.043327e+02
5,50,10,3.789133e+02
5,50,20,3.711314e+02
5,50,30,3.711169e+02
5,50,40,3.711167e+02
5,50,50,3.711167e+02
5,50,60,3.711167e+02
5,50,70,3.711167e+02
5,50,80,3.711167e+02
5,50,90,3.711167e+02
5,50,100,3.711167e+02
