funcid,dim,milestone,error
12,50,1,7.655166e+09
12,50,2,1.848689e+09
12,50,3,7.369381e+08
12,50,5,3.407394e+08
12,50,10,1.363160e+08
12,50,20,6.392621e+07
12,50,30,3.414786e+07
12,50,40,1.887956e+07
12,50,50,1.289880e+07
12,50,60,1.045793e+07
12,50,70,9.116263e+06
12,50,80,8.178280e+06
12,50,90,7.404300e+06
12,50,100,6.867997e+06
12,50,1,7.817566e+09
12,50,2,2.295403e+09
12,50,3,8.847158e+08
12,50,5,1.227520e+08
12,50,10,7.732579e+07
12,50,20,5.394183e+07
12,50,30,4.152017e+07
12,50,40,3.220411e+07
12,50,50,2.673573e+07
12,50,60,2.339506e+07
12,50,70,2.008155e+07
12,50,80,1.714764e+07
12,50,90,1.490965e+07
12,50,100,1.326189e+07
12,50,1,7.440602e+09
12,50,2,2.321896e+09
12,50,3,7.298216e+08
12,50,5,3.283097e+08
12,50,10,1.000772e+08
12,50,20,7.402455e+07
12,50,30,3.813248e+07
12,50,40,2.315486e+07
12,50,50,1.752481e+07
12,50,60,1.433796e+07
12,50,70,1.252043e+07
12,50,80,1.144472e+07
12,50,90,1.056868e+07
12,50,100,9.878279e+06
12,50,1,3.506699e+09
12,50,2,1.080489e+09
12,50,3,4.663158e+08
12,50,5,8.984658e+07
12,50,10,4.317031e+07
12,50,20,2.562725e+07
12,50,30,1.965013e+07
12,50,40,1.544333e+07
12,50,50,1.153417e+07
12,50,60,9.327886e+06
12,50,70,7.809501e+06
12,50,80,6.639444e+06
12,50,90,5.693413e+06
12,50,100,4.970885e+06
12,50,1,5.308705e+09
12,50,2,1.075073e+09
12,50,3,3.428974e+08
12,50,5,7.896063e+07
12,50,10,5.081629e+07
12,50,20,4.179961e+07
12,50,30,3.753085e+07
12,50,40,3.302404e+07
12,50,50,2.970881e+07
12,50,60,2.710198e+07
12,50,70,2.457738e+07
12,50,80,2.288170e+07
12,50,90,2.101652e+07
12,50,100,1.951132e+07
12,50,1,7.899646e+09
12,50,2,1.961189e+09
12,50,3,5.651756e+08
12,50,5,7.360017e+07
12,50,10,4.305066e+07
12,50,20,2.283371e+07
12,50,30,1.481164e+07
12,50,40,1.065888e+07
12,50,50,8.719874e+06
12,50,60,7.707359e+06
12,50,70,6.890006e+06
12,50,80,6.248347e+06
12,50,90,5.787556e+06
12,50,100,5.418167e+06
12,50,1,7.574095e+09
12,50,2,1.516947e+09
12,50,3,5.301690e+08
12,50,5,1.666418e+08
12,50,10,6.791971e+07
12,50,20,3.457489e+07
12,50,30,2.746319e+07
12,50,40,2.105685e+07
12,50,50,1.749856e+07
12,50,60,1.534279e+07
12,50,70,1.353173e+07
12,50,80,1.187670e+07
12,50,90,1.072604e+07
12,50,100,9.545721e+06
12,50,1,1.248292e+10
12,50,2,3.163145e+09
12,50,3,7.074778e+08
12,50,5,2.161845e+08
12,50,10,1.289468e+08
12,50,20,5.481268e+07
12,50,30,3.221393e+07
12,50,40,2.241002e+07
12,50,50,1.514657e+07
12,50,60,1.099818e+07
12,50,70,9.045044e+06
12,50,80,7.765651e+06
12,50,90,7.063740e+06
12,50,100,6.487663e+06
12,50,1,1.207974e+10
12,50,2,3.010466e+09
12,50,3,8.452590e+08
12,50,5,1.784044e+08
12,50,10,5.383297e+07
12,50,20,2.666674e+07
12,50,30,1.919226e+07
12,50,40,1.479122e+07
12,50,50,1.239763e+07
12,50,60,1.064224e+07
12,50,70,9.434644e+06
12,50,80,8.453254e+06
12,50,90,7.796877e+06
12,50,100,7.208596e+06
12,50,1,9.090777e+09
12,50,2,1.923514e+09
12,50,3,5.787611e+08
12,50,5,1.479674e+08
12,50,10,4.478477e+07
12,50,20,2.792004e+07
12,50,30,1.936491e+07
12,50,40,1.575767e+07
12,50,50,1.385763e+07
12,50,60,1.284455e+07
12,50,70,1.211407e+07
12,50,80,1.154276e+07
12,50,90,1.100001e+07
12,50,100,1.052386e+07
12,50,1,7.073482e+09
12,50,2,1.267926e+09
12,50,3,2.752009e+08
12,50,5,3.965032e+07
12,50,10,1.113521e+07
12,50,20,6.388325e+06
12,50,30,4.892224e+06
12,50,40,3.856887e+06
12,50,50,3.125261e+06
12,50,60,2.799450e+06
12,50,70,2.574283e+06
12,50,80,2.407718e+06
12,50,90,2.262342e+06
12,50,100,2.208619e+06
12,50,1,6.214367e+09
12,50,2,1.784071e+09
12,50,3,4.132921e+08
12,50,5,1.502801e+08
12,50,10,5.244417e+07
12,50,20,2.595876e+07
12,50,30,1.882521e+07
12,50,40,1.438069e+07
12,50,50,1.137232e+07
12,50,60,9.129063e+06
12,50,70,7.950449e+06
12,50,80,7.363767e+06
12,50,90,6.980046e+06
12,50,100,6.742491e+06
12,50,1,8.877792e+09
12,50,2,1.896125e+09
12,50,3,6.690926e+08
12,50,5,1.031553e+08
12,50,10,7.039562e+07
12,50,20,5.732209e+07
12,50,30,4.892817e+07
12,50,40,4.238941e+07
12,50,50,3.580297e+07
12,50,60,3.206697e+07
12,50,70,2.822779e+07
12,50,80,2.503600e+07
12,50,90,2.235934e+07
12,50,100,1.993730e+07
12,50,1,5.715332e+09
12,50,2,6.167696e+08
12,50,3,1.243302e+08
12,50,5,4.967690e+07
12,50,10,3.031989e+07
12,50,20,2.152441e+07
12,50,30,1.671513e+07
12,50,40,1.383486e+07
12,50,50,1.245096e+07
12,50,60,1.157978e+07
12,50,70,1.085697e+07
12,50,80,1.027102e+07
12,50,90,9.682949e+06
12,50,100,9.251338e+06
12,50,1,9.106478e+09
12,50,2,1.868530e+09
12,50,3,6.227250e+08
12,50,5,1.434816e+08
12,50,10,8.182805e+07
12,50,20,4.653259e+07
12,50,30,2.687482e+07
12,50,40,1.671150e+07
12,50,50,1.272824e+07
12,50,60,1.010644e+07
12,50,70,8.238641e+06
12,50,80,7.025720e+06
12,50,90,6.084144e+06
12,50,100,5.280930e+06
12,50,1,9.419261e+09
12,50,2,1.916044e+09
12,50,3,7.134918e+08
12,50,5,1.029522e+08
12,50,10,5.028925e+07
12,50,20,1.930090e+07
12,50,30,1.036281e+07
12,50,40,7.384782e+06
12,50,50,6.097073e+06
12,50,60,5.484282e+06
12,50,70,5.163873e+06
12,50,80,4.982713e+06
12,50,90,4.847063e+06
12,50,100,4.728370e+06
12,50,1,1.087168e+10
12,50,2,2.202600e+09
12,50,3,4.466802e+08
12,50,5,1.378369e+08
12,50,10,7.257157e+07
12,50,20,5.085798e+07
12,50,30,4.153970e+07
12,50,40,3.605755e+07
12,50,50,3.186061e+07
12,50,60,2.904898e+07
12,50,70,2.667203e+07
12,50,80,2.439845e+07
12,50,90,2.228697e+07
12,50,100,2.043432e+07
12,50,1,6.838389e+09
12,50,2,1.575091e+09
12,50,3,7.939463e+08
12,50,5,1.902509e+08
12,50,10,8.298154e+07
12,50,20,5.238650e+07
12,50,30,3.875462e+07
12,50,40,2.855698e+07
12,50,50,2.227913e+07
12,50,60,1.924549e+07
12,50,70,1.725675e+07
12,50,80,1.598067e+07
12,50,90,1.490923e+07
12,50,100,1.392857e+07
12,50,1,8.923256e+09
12,50,2,2.671473e+09
12,50,3,6.851724e+08
12,50,5,1.576245e+08
12,50,10,6.875501e+07
12,50,20,3.569572e+07
12,50,30,2.546721e+07
12,50,40,2.104432e+07
12,50,50,1.839172e+07
12,50,60,1.656626e+07
12,50,70,1.508859e+07
12,50,80,1.239715e+07
12,50,90,1.057857e+07
12,50,100,9.283165e+06
12,50,1,7.941025e+09
12,50,2,1.588485e+09
12,50,3,5.408310e+08
12,50,5,1.328895e+08
12,50,10,6.893401e+07
12,50,20,4.145232e+07
12,50,30,2.874909e+07
12,50,40,1.740157e+07
12,50,50,1.266620e+07
12,50,60,1.029428e+07
12,50,70,8.841898e+06
12,50,80,7.872833e+06
12,50,90,7.263721e+06
12,50,100,6.742644e+06
12,50,1,1.253923e+10
12,50,2,2.116228e+09
12,50,3,8.565253e+08
12,50,5,1.419519e+08
12,50,10,7.745827e+07
12,50,20,6.211282e+07
12,50,30,3.300563e+07
12,50,40,1.941386e+07
12,50,50,1.392892e+07
12,50,60,1.189625e+07
12,50,70,1.082311e+07
12,50,80,1.023848e+07
12,50,90,9.808065e+06
12,50,100,9.461142e+06
12,50,1,1.051657e+10
12,50,2,2.295640e+09
12,50,3,8.881682e+08
12,50,5,2.299594e+08
12,50,10,8.162179e+07
12,50,20,4.266666e+07
12,50,30,3.130759e+07
12,50,40,1.454328e+07
12,50,50,7.845239e+06
12,50,60,5.361344e+06
12,50,70,4.324395e+06
12,50,80,3.803067e+06
12,50,90,3.480378e+06
12,50,100,3.282171e+06
12,50,1,1.121578e+10
12,50,2,3.416419e+09
12,50,3,8.997602e+08
12,50,5,1.616139e+08
12,50,10,8.567764e+07
12,50,20,4.694151e+07
12,50,30,3.271943e+07
12,50,40,1.936759e+07
12,50,50,1.461228e+07
12,50,60,1.226125e+07
12,50,70,1.057616e+07
12,50,80,9.650915e+06
12,50,90,8.953933e+06
12,50,100,8.378942e+06
12,50,1,1.131367e+10
12,50,2,3.426461e+09
12,50,3,8.465419e+08
12,50,5,2.948644e+08
12,50,10,6.389286e+07
12,50,20,3.985686e+07
12,50,30,3.279306e+07
12,50,40,2.720984e+07
12,50,50,2.353025e+07
12,50,60,2.085568e+07
12,50,70,1.863265e+07
12,50,80,1.710212e+07
12,50,90,1.569182e+07
12,50,100,1.454752e+07
12,50,1,8.542573e+09
12,50,2,1.220699e+09
12,50,3,4.815605e+08
12,50,5,7.745927e+07
12,50,10,4.258853e+07
12,50,20,3.270027e+07
12,50,30,2.335954e+07
12,50,40,1.610697e+07
12,50,50,1.229912e+07
12,50,60,1.038807e+07
12,50,70,9.387828e+06
12,50,80,8.710038e+06
12,50,90,8.235489e+06
12,50,100,7.794592e+06
12,50,1,6.595064e+09
12,50,2,1.749421e+09
12,50,3,5.456862e+08
12,50,5,1.437061e+08
12,50,10,7.320484e+07
12,50,20,3.024089e+07
12,50,30,1.588902e+07
12,50,40,1.036290e+07
12,50,50,8.102467e+06
12,50,60,7.094004e+06
12,50,70,6.630068e+06
12,50,80,6.373822e+06
12,50,90,6.219160e+06
12,50,100,6.097971e+06
12,50,1,6.857257e+09
12,50,2,9.857445e+08
12,50,3,1.300167e+08
12,50,5,4.338156e+07
12,50,10,3.255094e+07
12,50,20,2.579618e+07
12,50,30,1.973347e+07
12,50,40,1.673497e+07
12,50,50,1.529165e+07
12,50,60,1.408815e+07
12,50,70,1.332045e+07
12,50,80,1.258481e+07
12,50,90,1.151563e+07
12,50,100,1.034624e+07
12,50,1,6.224680e+09
12,50,2,1.434427e+09
12,50,3,4.456556e+08
12,50,5,7.937773e+07
12,50,10,6.614547e+07
12,50,20,4.378865e+07
12,50,30,3.126108e+07
12,50,40,2.529360e+07
12,50,50,2.211030e+07
12,50,60,1.984330e+07
12,50,70,1.791284e+07
12,50,80,1.627351e+07
12,50,90,1.504813e+07
12,50,100,1.403016e+07
12,50,1,6.899538e+09
12,50,2,7.310476e+08
12,50,3,2.234005e+08
12,50,5,1.479729e+08
12,50,10,5.062860e+07
12,50,20,2.317480e+07
12,50,30,1.487985e+07
12,50,40,1.137938e+07
12,50,50,9.473733e+06
12,50,60,8.388434e+06
12,50,70,7.432385e+06
12,50,80,6.793148e+06
12,50,90,6.328580e+06
12,50,100,5.887129e+06
12,50,1,7.789809e+09
12,50,2,1.855531e+09
12,50,3,7.989114e+08
12,50,5,4.158915e+08
12,50,10,1.785062e+08
12,50,20,8.555111e+07
12,50,30,4.883399e+07
12,50,40,3.143245e+07
12,50,50,2.365484e+07
12,50,60,1.840197e+07
12,50,70,1.474025e+07
12,50,80,1.236453e+07
12,50,90,1.072952e+07
12,50,100,9.280148e+06
12,50,1,7.929569e+09
12,50,2,1.002828e+09
12,50,3,2.770297e+08
12,50,5,9.268145e+07
12,50,10,4.553043e+07
12,50,20,3.254706e+07
12,50,30,2.747375e+07
12,50,40,2.385418e+07
12,50,50,2.118182e+07
12,50,60,1.897601e+07
12,50,70,1.735281e+07
12,50,80,1.590299e+07
12,50,90,1.471450e+07
12,50,100,1.365166e+07
