funcid,dim,milestone,error
22,10,1,1.381630e+03
22,10,2,4.878826e+02
22,10,3,4.803772e+02
22,10,5,1.377423e+02
22,10,10,1.279816e+02
22,10,20,1.261814e+02
22,10,30,1.257639e+02
22,10,40,1.255646e+02
22,10,50,1.254658e+02
22,10,60,1.253976e+02
22,10,70,1.253566e+02
22,10,80,1.253341e+02
22,10,90,1.253252e+02
22,10,100,1.253192e+02
22,10,1,2.727591e+02
22,10,2,1.617397e+02
22,10,3,1.613564e+02
22,10,5,1.343085e+02
22,10,10,1.320344e+02
22,10,20,1.250375e+02
22,10,30,1.247035e+02
22,10,40,1.246458e+02
22,10,50,1.246062e+02
22,10,60,1.245787e+02
22,10,70,1.245658e+02
22,10,80,1.245598e+02
22,10,90,1.245550e+02
22,10,100,1.245505e+02
22,10,1,5.437519e+02
22,10,2,1.973564e+02
22,10,3,1.972461e+02
22,10,5,1.213947e+02
22,10,10,1.153959e+02
22,10,20,1.137562e+02
22,10,30,1.127202e+02
22,10,40,1.123497e+02
22,10,50,1.120955e+02
22,10,60,1.119441e+02
22,10,70,1.118540e+02
22,10,80,1.117881e+02
22,10,90,1.117583e+02
22,10,100,1.117376e+02
22,10,1,4.657632e+02
22,10,2,2.014128e+02
22,10,3,1.989958e+02
22,10,5,1.222868e+02
22,10,10,1.171532e+02
22,10,20,1.104439e+02
22,10,30,1.102423e+02
22,10,40,1.101361e+02
22,10,50,1.100679e+02
22,10,60,1.100319e+02
22,10,70,1.100144e+02
22,10,80,1.099964e+02
22,10,90,1.099944e+02
22,10,100,1.099922e+02
22,10,1,1.031953e+03
22,10,2,3.684824e+02
22,10,3,3.358043e+02
22,10,5,1.301109e+02
22,10,10,1.205220e+02
22,10,20,1.167633e+02
22,10,30,1.167405e+02
22,10,40,1.167224e+02
22,10,50,1.167144e+02
22,10,60,1.167101e+02
22,10,70,1.167057e+02
22,10,80,1.167037e+02
22,10,90,1.167023e+02
22,10,100,1.167010e+02
22,10,1,7.035821e+02
22,10,2,3.862132e+02
22,10,3,3.861053e+02
22,10,5,1.208839e+02
22,10,10,1.152336e+02
22,10,20,1.130262e+02
22,10,30,1.122006e+02
22,10,40,1.116635e+02
22,10,50,1.113076e+02
22,10,60,1.110576e+02
22,10,70,1.109601e+02
22,10,80,1.107381e+02
22,10,90,1.102771e+02
22,10,100,1.099315e+02
22,10,1,6.868446e+02
22,10,2,2.986692e+02
22,10,3,2.877889e+02
22,10,5,1.169675e+02
22,10,10,1.113250e+02
22,10,20,1.107587e+02
22,10,30,1.104658e+02
22,10,40,1.103618e+02
22,10,50,1.103289e+02
22,10,60,1.102984e+02
22,10,70,1.102847e+02
22,10,80,1.102768e+02
22,10,90,1.102709e+02
22,10,100,1.102672e+02
22,10,1,3.640510e+02
22,10,2,1.750198e+02
22,10,3,1.747954e+02
22,10,5,1.563839e+02
22,10,10,1.153279e+02
22,10,20,1.102178e+02
22,10,30,1.101071e+02
22,10,40,1.099942e+02
22,10,50,1.098838e+02
22,10,60,1.098383e+02
22,10,70,1.098064e+02
22,10,80,1.097768e+02
22,10,90,1.097605e+02
22,10,100,1.097557e+02
22,10,1,7.939035e+02
22,10,2,4.060090e+02
22,10,3,2.986167e+02
22,10,5,1.264524e+02
22,10,10,1.226328e+02
22,10,20,1.222813e+02
22,10,30,1.222372e+02
22,10,40,1.098685e+02
22,10,50,1.088304e+02
22,10,60,1.086945e+02
22,10,70,1.086363e+02
22,10,80,1.085985e+02
22,10,90,1.085798e+02
22,10,100,1.085652e+02
22,10,1,2.959537e+02
22,10,2,1.449527e+02
22,10,3,1.443269e+02
22,10,5,1.366990e+02
22,10,10,1.349949e+02
22,10,20,1.349107e+02
22,10,30,1.349088e+02
22,10,40,1.349084e+02
22,10,50,1.349081e+02
22,10,60,1.349079e+02
22,10,70,1.349077e+02
22,10,80,1.349076e+02
22,10,90,1.349075e+02
22,10,100,1.349074e+02
22,10,1,1.528995e+03
22,10,2,4.137116e+02
22,10,3,3.372144e+02
22,10,5,2.051157e+02
22,10,10,1.154413e+02
22,10,20,1.105877e+02
22,10,30,1.105425e+02
22,10,40,1.105142e+02
22,10,50,1.104894e+02
22,10,60,1.104746e+02
22,10,70,1.104676e+02
22,10,80,1.104612e+02
22,10,90,1.104555e+02
22,10,100,1.104523e+02
22,10,1,5.725762e+02
22,10,2,3.590885e+02
22,10,3,3.589066e+02
22,10,5,1.518750e+02
22,10,10,1.210372e+02
22,10,20,1.175757e+02
22,10,30,1.156636e+02
22,10,40,1.143787e+02
22,10,50,1.137239e+02
22,10,60,1.134434e+02
22,10,70,1.131985e+02
22,10,80,1.130321e+02
22,10,90,1.129675e+02
22,10,100,1.129034e+02
22,10,1,1.960944e+03
22,10,2,1.335391e+03
22,10,3,1.252576e+03
22,10,5,2.529594e+02
22,10,10,1.189742e+02
22,10,20,1.186208e+02
22,10,30,1.184800e+02
22,10,40,1.183921e+02
22,10,50,1.183520e+02
22,10,60,1.183199e+02
22,10,70,1.183053e+02
22,10,80,1.182925e+02
22,10,90,1.182873e+02
22,10,100,1.182829e+02
22,10,1,5.179969e+02
22,10,2,2.238408e+02
22,10,3,2.213598e+02
22,10,5,1.180984e+02
22,10,10,1.111040e+02
22,10,20,1.104412e+02
22,10,30,1.100732e+02
22,10,40,1.099841e+02
22,10,50,1.099326e+02
22,10,60,1.099031e+02
22,10,70,1.098894e+02
22,10,80,1.098728e+02
22,10,90,1.098596e+02
22,10,100,1.098526e+02
22,10,1,3.557960e+02
22,10,2,1.837944e+02
22,10,3,1.825917e+02
22,10,5,1.193043e+02
22,10,10,1.145272e+02
22,10,20,1.133726e+02
22,10,30,1.131594e+02
22,10,40,1.129962e+02
22,10,50,1.128980e+02
22,10,60,1.128163e+02
22,10,70,1.127681e+02
22,10,80,1.127511e+02
22,10,90,1.127380e+02
22,10,100,1.127337e+02
22,10,1,6.958138e+02
22,10,2,2.143537e+02
22,10,3,2.136470e+02
22,10,5,1.374755e+02
22,10,10,1.273916e+02
22,10,20,1.257891e+02
22,10,30,1.257766e+02
22,10,40,1.257757e+02
22,10,50,1.257753e+02
22,10,60,1.257750e+02
22,10,70,1.257748e+02
22,10,80,1.257746e+02
22,10,90,1.257746e+02
22,10,100,1.257744e+02
22,10,1,3.689056e+02
22,10,2,1.762877e+02
22,10,3,1.762682e+02
22,10,5,1.159205e+02
22,10,10,1.123356e+02
22,10,20,1.098496e+02
22,10,30,1.087073e+02
22,10,40,1.078484e+02
22,10,50,1.074030e+02
22,10,60,1.072229e+02
22,10,70,1.070277e+02
22,10,80,1.069747e+02
22,10,90,1.069483e+02
22,10,100,1.069207e+02
22,10,1,1.724188e+03
22,10,2,1.207667e+03
22,10,3,9.867326e+02
22,10,5,2.636787e+02
22,10,10,1.144470e+02
22,10,20,1.117754e+02
22,10,30,1.113315e+02
22,10,40,1.110119e+02
22,10,50,1.107657e+02
22,10,60,1.107038e+02
22,10,70,1.106445e+02
22,10,80,1.105882e+02
22,10,90,1.105576e+02
22,10,100,1.105221e+02
22,10,1,1.189920e+03
22,10,2,5.500351e+02
22,10,3,4.863825e+02
22,10,5,1.658587e+02
22,10,10,1.244155e+02
22,10,20,1.222107e+02
22,10,30,1.210057e+02
22,10,40,1.203782e+02
22,10,50,1.200433e+02
22,10,60,1.197454e+02
22,10,70,1.195724e+02
22,10,80,1.194932e+02
22,10,90,1.194563e+02
22,10,100,1.194288e+02
22,10,1,1.602740e+02
22,10,2,1.291368e+02
22,10,3,1.290605e+02
22,10,5,1.228631e+02
22,10,10,1.167103e+02
22,10,20,1.160320e+02
22,10,30,1.158689e+02
22,10,40,1.152044e+02
22,10,50,1.145223e+02
22,10,60,1.141159e+02
22,10,70,1.138860e+02
22,10,80,1.137705e+02
22,10,90,1.136839e+02
22,10,100,1.136330e+02
22,10,1,5.582947e+02
22,10,2,2.354366e+02
22,10,3,2.354366e+02
22,10,5,1.176859e+02
22,10,10,1.126310e+02
22,10,20,1.123802e+02
22,10,30,1.123263e+02
22,10,40,1.122974e+02
22,10,50,1.122792e+02
22,10,60,1.122681e+02
22,10,70,1.122566e+02
22,10,80,1.122515e+02
22,10,90,1.122452e+02
22,10,100,1.122431e+02
22,10,1,3.006099e+02
22,10,2,1.774496e+02
22,10,3,1.771611e+02
22,10,5,1.188302e+02
22,10,10,1.132405e+02
22,10,20,1.126140e+02
22,10,30,1.125650e+02
22,10,40,1.125160e+02
22,10,50,1.124932e+02
22,10,60,1.124848e+02
22,10,70,1.124796e+02
22,10,80,1.124741e+02
22,10,90,1.124711e+02
22,10,100,1.124674e+02
22,10,1,6.314448e+02
22,10,2,2.918299e+02
22,10,3,2.908462e+02
22,10,5,1.966415e+02
22,10,10,1.127583e+02
22,10,20,1.097625e+02
22,10,30,1.090845e+02
22,10,40,1.085421e+02
22,10,50,1.082450e+02
22,10,60,1.080849e+02
22,10,70,1.079832e+02
22,10,80,1.079086e+02
22,10,90,1.078650e+02
22,10,100,1.078229e+02
22,10,1,1.459038e+03
22,10,2,4.525615e+02
22,10,3,4.517374e+02
22,10,5,1.493141e+02
22,10,10,1.198256e+02
22,10,20,1.108613e+02
22,10,30,1.107443e+02
22,10,40,1.106850e+02
22,10,50,1.106669e+02
22,10,60,1.106552e+02
22,10,70,1.106482e+02
22,10,80,1.106441e+02
22,10,90,1.106423e+02
22,10,100,1.106403e+02
22,10,1,2.968504e+02
22,10,2,1.883516e+02
22,10,3,1.876222e+02
22,10,5,1.194706e+02
22,10,10,1.112907e+02
22,10,20,1.108444e+02
22,10,30,1.108350e+02
22,10,40,1.108333e+02
22,10,50,1.108318e+02
22,10,60,1.108310e+02
22,10,70,1.108301e+02
22,10,80,1.108298e+02
22,10,90,1.108296e+02
22,10,100,1.108295e+02
22,10,1,8.217818e+02
22,10,2,2.376541e+02
22,10,3,2.375698e+02
22,10,5,1.479543e+02
22,10,10,1.063431e+02
22,10,20,1.048185e+02
22,10,30,1.045241e+02
22,10,40,1.043925e+02
22,10,50,1.043602e+02
22,10,60,1.043061e+02
22,10,70,1.042998e+02
22,10,80,1.042968e+02
22,10,90,1.042948e+02
22,10,100,1.042937e+02
22,10,1,2.868748e+02
22,10,2,1.975400e+02
22,10,3,1.968812e+02
22,10,5,1.262743e+02
22,10,10,1.164363e+02
22,10,20,1.134889e+02
22,10,30,1.124785e+02
22,10,40,1.120450e+02
22,10,50,1.117388e+02
22,10,60,1.115547e+02
22,10,70,1.114315e+02
22,10,80,1.113770e+02
22,10,90,1.113331e+02
22,10,100,1.113202e+02
22,10,1,8.789984e+02
22,10,2,3.737427e+02
22,10,3,3.408965e+02
22,10,5,1.286303e+02
22,10,10,1.225545e+02
22,10,20,1.211095e+02
22,10,30,1.197785e+02
22,10,40,1.189619e+02
22,10,50,1.181965e+02
22,10,60,1.179239e+02
22,10,70,1.177435e+02
22,10,80,1.175601e+02
22,10,90,1.174801e+02
22,10,100,1.174190e+02
22,10,1,7.321477e+02
22,10,2,2.693724e+02
22,10,3,2.681276e+02
22,10,5,1.296994e+02
22,10,10,1.208302e+02
22,10,20,1.189598e+02
22,10,30,1.187398e+02
22,10,40,1.185680e+02
22,10,50,1.184800e+02
22,10,60,1.184316e+02
22,10,70,1.183905e+02
22,10,80,1.183803e+02
22,10,90,1.183690e+02
22,10,100,1.183648e+02
22,10,1,3.678790e+02
22,10,2,1.527852e+02
22,10,3,1.520643e+02
22,10,5,1.431985e+02
22,10,10,1.312865e+02
22,10,20,1.291874e+02
22,10,30,1.289212e+02
22,10,40,1.286637e+02
22,10,50,1.285301e+02
22,10,60,1.284886e+02
22,10,70,1.284430e+02
22,10,80,1.284076e+02
22,10,90,1.283930e+02
22,10,100,1.283811e+02
22,10,1,6.703302e+02
22,10,2,2.816174e+02
22,10,3,2.661820e+02
22,10,5,1.577682e+02
22,10,10,1.550890e+02
22,10,20,1.402365e+02
22,10,30,1.201671e+02
22,10,40,1.158622e+02
22,10,50,1.154022e+02
22,10,60,1.152060e+02
22,10,70,1.150307e+02
22,10,80,1.149442e+02
22,10,90,1.149076e+02
22,10,100,1.148703e+02
