funcid,dim,milestone,error
8,10,1,4.920343e+01
8,10,2,3.532587e+01
8,10,3,3.529197e+01
8,10,5,3.037165e+01
8,10,10,2.019862e+01
8,10,20,1.692244e+01
8,10,30,1.691429e+01
8,10,40,1.691429e+01
8,10,50,1.691429e+01
8,10,60,1.691429e+01
8,10,70,1.691429e+01
8,10,80,1.691429e+01
8,10,90,1.691429e+01
8,10,100,1.691429e+01
8,10,1,3.504006e+01
8,10,2,2.997477e+01
8,10,3,2.977532e+01
8,10,5,2.128032e+01
8,10,10,1.793984e+01
8,10,20,1.790926e+01
8,10,30,1.790925e+01
8,10,40,1.790925e+01
8,10,50,1.790925e+01
8,10,60,1.790925e+01
8,10,70,1.790925e+01
8,10,80,1.790925e+01
8,10,90,1.790925e+01
8,10,100,1.790925e+01
8,10,1,3.888820e+01
8,10,2,3.045776e+01
8,10,3,3.044126e+01
8,10,5,2.101920e+01
8,10,10,2.089511e+01
8,10,20,2.089412e+01
8,10,30,2.089412e+01
8,10,40,2.089412e+01
8,10,50,2.089412e+01
8,10,60,2.089412e+01
8,10,70,2.089412e+01
8,10,80,2.089412e+01
8,10,90,2.089412e+01
8,10,100,2.089412e+01
8,10,1,4.742099e+01
8,10,2,3.875506e+01
8,10,3,3.866025e+01
8,10,5,3.133829e+01
8,10,10,3.084502e+01
8,10,20,3.084366e+01
8,10,30,3.084366e+01
8,10,40,2.587374e+01
8,10,50,2.586889e+01
8,10,60,2.586889e+01
8,10,70,2.586889e+01
8,10,80,2.586889e+01
8,10,90,2.586889e+01
8,10,100,2.586889e+01
8,10,1,5.314753e+01
8,10,2,4.026311e+01
8,10,3,4.025724e+01
8,10,5,2.429956e+01
8,10,10,2.288799e+01
8,10,20,2.288404e+01
8,10,30,2.288403e+01
8,10,40,2.288403e+01
8,10,50,2.288403e+01
8,10,60,2.288403e+01
8,10,70,2.288403e+01
8,10,80,2.288403e+01
8,10,90,2.288403e+01
8,10,100,2.288403e+01
8,10,1,6.748549e+01
8,10,2,4.809289e+01
8,10,3,4.751655e+01
8,10,5,2.384344e+01
8,10,10,2.093541e+01
8,10,20,2.089413e+01
8,10,30,2.089412e+01
8,10,40,2.089412e+01
8,10,50,2.089412e+01
8,10,60,2.089412e+01
8,10,70,2.089412e+01
8,10,80,2.089412e+01
8,10,90,2.089412e+01
8,10,100,2.089412e+01
8,10,1,3.655773e+01
8,10,2,2.692469e+01
8,10,3,2.688644e+01
8,10,5,2.397548e+01
8,10,10,2.388131e+01
8,10,20,2.387896e+01
8,10,30,2.387896e+01
8,10,40,2.387896e+01
8,10,50,2.387896e+01
8,10,60,2.387896e+01
8,10,70,2.387896e+01
8,10,80,2.387896e+01
8,10,90,2.387896e+01
8,10,100,2.387896e+01
8,10,1,3.927259e+01
8,10,2,2.601408e+01
8,10,3,2.591541e+01
8,10,5,1.751932e+01
8,10,10,1.691742e+01
8,10,20,1.691429e+01
8,10,30,1.691429e+01
8,10,40,1.691429e+01
8,10,50,1.691429e+01
8,10,60,1.691429e+01
8,10,70,1.691429e+01
8,10,80,1.691429e+01
8,10,90,1.691429e+01
8,10,100,1.691429e+01
8,10,1,6.074455e+01
8,10,2,5.185694e+01
8,10,3,5.175681e+01
8,10,5,3.733706e+01
8,10,10,1.903639e+01
8,10,20,1.790939e+01
8,10,30,1.790925e+01
8,10,40,1.790925e+01
8,10,50,1.790925e+01
8,10,60,1.790925e+01
8,10,70,1.790925e+01
8,10,80,1.790925e+01
8,10,90,1.790925e+01
8,10,100,1.790925e+01
8,10,1,3.518834e+01
8,10,2,2.799105e+01
8,10,3,2.795088e+01
8,10,5,2.688778e+01
8,10,10,2.686404e+01
8,10,20,2.321899e+01
8,10,30,2.188927e+01
8,10,40,2.188906e+01
8,10,50,2.188906e+01
8,10,60,2.188906e+01
8,10,70,2.188906e+01
8,10,80,2.188906e+01
8,10,90,2.188906e+01
8,10,100,2.188906e+01
8,10,1,5.538276e+01
8,10,2,3.211574e+01
8,10,3,3.092998e+01
8,10,5,2.515471e+01
8,10,10,2.488262e+01
8,10,20,1.893151e+01
8,10,30,1.890423e+01
8,10,40,1.401364e+01
8,10,50,1.392945e+01
8,10,60,1.392941e+01
8,10,70,1.392941e+01
8,10,80,1.392941e+01
8,10,90,1.392941e+01
8,10,100,1.392941e+01
8,10,1,4.529661e+01
8,10,2,2.703287e+01
8,10,3,2.699991e+01
8,10,5,1.916839e+01
8,10,10,1.890501e+01
8,10,20,1.890420e+01
8,10,30,1.890420e+01
8,10,40,1.890420e+01
8,10,50,1.890420e+01
8,10,60,1.890420e+01
8,10,70,1.890420e+01
8,10,80,1.890420e+01
8,10,90,1.890420e+01
8,10,100,1.890420e+01
8,10,1,4.996526e+01
8,10,2,4.071555e+01
8,10,3,4.036407e+01
8,10,5,2.941337e+01
8,10,10,2.886667e+01
8,10,20,2.288462e+01
8,10,30,2.288404e+01
8,10,40,2.288403e+01
8,10,50,2.288403e+01
8,10,60,2.288403e+01
8,10,70,2.288403e+01
8,10,80,2.288403e+01
8,10,90,2.288403e+01
8,10,100,2.014837e+01
8,10,1,4.187767e+01
8,10,2,3.030881e+01
8,10,3,3.022230e+01
8,10,5,2.693141e+01
8,10,10,2.686443e+01
8,10,20,2.686385e+01
8,10,30,2.686385e+01
8,10,40,2.587084e+01
8,10,50,2.586891e+01
8,10,60,2.586891e+01
8,10,70,2.586891e+01
8,10,80,2.586891e+01
8,10,90,2.586891e+01
8,10,100,2.586891e+01
8,10,1,5.089395e+01
8,10,2,4.082760e+01
8,10,3,4.065538e+01
8,10,5,2.454410e+01
8,10,10,2.292285e+01
8,10,20,2.288402e+01
8,10,30,2.288401e+01
8,10,40,2.288401e+01
8,10,50,2.288401e+01
8,10,60,2.288401e+01
8,10,70,2.288401e+01
8,10,80,2.288401e+01
8,10,90,2.288401e+01
8,10,100,2.288401e+01
8,10,1,5.045280e+01
8,10,2,3.624889e+01
8,10,3,3.621091e+01
8,10,5,2.733638e+01
8,10,10,2.686878e+01
8,10,20,2.686387e+01
8,10,30,2.686386e+01
8,10,40,2.686386e+01
8,10,50,2.686386e+01
8,10,60,2.686386e+01
8,10,70,2.686386e+01
8,10,80,2.686386e+01
8,10,90,2.686386e+01
8,10,100,2.686386e+01
8,10,1,5.496168e+01
8,10,2,3.957912e+01
8,10,3,3.808014e+01
8,10,5,3.406447e+01
8,10,10,2.862619e+01
8,10,20,2.197954e+01
8,10,30,1.691589e+01
8,10,40,1.691427e+01
8,10,50,1.691427e+01
8,10,60,1.691427e+01
8,10,70,1.691427e+01
8,10,80,1.691427e+01
8,10,90,1.691427e+01
8,10,100,1.691427e+01
8,10,1,2.631830e+01
8,10,2,2.199865e+01
8,10,3,2.198955e+01
8,10,5,2.092596e+01
8,10,10,2.089423e+01
8,10,20,2.089412e+01
8,10,30,2.089412e+01
8,10,40,2.089412e+01
8,10,50,2.089412e+01
8,10,60,2.089412e+01
8,10,70,1.494708e+01
8,10,80,1.492438e+01
8,10,90,1.492437e+01
8,10,100,1.492437e+01
8,10,1,4.631600e+01
8,10,2,3.783492e+01
8,10,3,3.744695e+01
8,10,5,2.650213e+01
8,10,10,2.587048e+01
8,10,20,2.586887e+01
8,10,30,2.586887e+01
8,10,40,2.586887e+01
8,10,50,2.586887e+01
8,10,60,2.586887e+01
8,10,70,2.586887e+01
8,10,80,2.586887e+01
8,10,90,2.586887e+01
8,10,100,2.586887e+01
8,10,1,3.933488e+01
8,10,2,2.691164e+01
8,10,3,2.689716e+01
8,10,5,2.500168e+01
8,10,10,2.487588e+01
8,10,20,2.487395e+01
8,10,30,2.487395e+01
8,10,40,2.487395e+01
8,10,50,2.487395e+01
8,10,60,2.487395e+01
8,10,70,2.487395e+01
8,10,80,2.487395e+01
8,10,90,2.487395e+01
8,10,100,2.487395e+01
8,10,1,3.953298e+01
8,10,2,3.487991e+01
8,10,3,3.483410e+01
8,10,5,3.386570e+01
8,10,10,3.329108e+01
8,10,20,2.289602e+01
8,10,30,2.288409e+01
8,10,40,2.288403e+01
8,10,50,2.288403e+01
8,10,60,2.288403e+01
8,10,70,2.288403e+01
8,10,80,2.288403e+01
8,10,90,2.288403e+01
8,10,100,2.288403e+01
8,10,1,3.972445e+01
8,10,2,2.984350e+01
8,10,3,2.982280e+01
8,10,5,2.594035e+01
8,10,10,2.586986e+01
8,10,20,2.586887e+01
8,10,30,2.188909e+01
8,10,40,2.188906e+01
8,10,50,2.188906e+01
8,10,60,2.188906e+01
8,10,70,2.188906e+01
8,10,80,2.188906e+01
8,10,90,2.188906e+01
8,10,100,2.188906e+01
8,10,1,3.721465e+01
8,10,2,1.513513e+01
8,10,3,1.505579e+01
8,10,5,1.007719e+01
8,10,10,9.950764e+00
8,10,20,9.949588e+00
8,10,30,9.949586e+00
8,10,40,9.949586e+00
8,10,50,9.949586e+00
8,10,60,9.949586e+00
8,10,70,9.949586e+00
8,10,80,9.949586e+00
8,10,90,9.949586e+00
8,10,100,9.949586e+00
8,10,1,3.047976e+01
8,10,2,2.372803e+01
8,10,3,2.371837e+01
8,10,5,2.198635e+01
8,10,10,2.189057e+01
8,10,20,2.188907e+01
8,10,30,2.188907e+01
8,10,40,2.188907e+01
8,10,50,2.188907e+01
8,10,60,2.188907e+01
8,10,70,2.188907e+01
8,10,80,2.188907e+01
8,10,90,2.188907e+01
8,10,100,2.188907e+01
8,10,1,5.436362e+01
8,10,2,4.531852e+01
8,10,3,4.507655e+01
8,10,5,4.094878e+01
8,10,10,2.673527e+01
8,10,20,2.488259e+01
8,10,30,2.487397e+01
8,10,40,2.487393e+01
8,10,50,2.487393e+01
8,10,60,2.487393e+01
8,10,70,2.487393e+01
8,10,80,2.487393e+01
8,10,90,2.487393e+01
8,10,100,2.487393e+01
8,10,1,4.594048e+01
8,10,2,3.032665e+01
8,10,3,3.030417e+01
8,10,5,2.892192e+01
8,10,10,2.389169e+01
8,10,20,2.387900e+01
8,10,30,2.387898e+01
8,10,40,2.387898e+01
8,10,50,2.387898e+01
8,10,60,2.387898e+01
8,10,70,2.387898e+01
8,10,80,2.387898e+01
8,10,90,2.387898e+01
8,10,100,2.387898e+01
8,10,1,6.016458e+01
8,10,2,4.415873e+01
8,10,3,4.406362e+01
8,10,5,3.036687e+01
8,10,10,2.885957e+01
8,10,20,2.801150e+01
8,10,30,2.297729e+01
8,10,40,2.288402e+01
8,10,50,2.288402e+01
8,10,60,2.288402e+01
8,10,70,2.288402e+01
8,10,80,2.288402e+01
8,10,90,2.288402e+01
8,10,100,2.288402e+01
8,10,1,5.046937e+01
8,10,2,3.444671e+01
8,10,3,3.431558e+01
8,10,5,3.192661e+01
8,10,10,2.805465e+01
8,10,20,2.188946e+01
8,10,30,2.188906e+01
8,10,40,2.188906e+01
8,10,50,2.188906e+01
8,10,60,2.188906e+01
8,10,70,2.188906e+01
8,10,80,2.188906e+01
8,10,90,2.188906e+01
8,10,100,2.188906e+01
8,10,1,5.146126e+01
8,10,2,3.770077e+01
8,10,3,3.769461e+01
8,10,5,3.194873e+01
8,10,10,2.932563e+01
8,10,20,2.885409e+01
8,10,30,2.885376e+01
8,10,40,2.885376e+01
8,10,50,2.885376e+01
8,10,60,2.885376e+01
8,10,70,2.885376e+01
8,10,80,2.885376e+01
8,10,90,2.885376e+01
8,10,100,2.885376e+01
8,10,1,4.810734e+01
8,10,2,3.424058e+01
8,10,3,3.419747e+01
8,10,5,2.711473e+01
8,10,10,2.686495e+01
8,10,20,2.686385e+01
8,10,30,2.587578e+01
8,10,40,2.586891e+01
8,10,50,2.586891e+01
8,10,60,2.586891e+01
8,10,70,2.586891e+01
8,10,80,2.586891e+01
8,10,90,2.586891e+01
8,10,100,2.586891e+01
8,10,1,5.444799e+01
8,10,2,4.069286e+01
8,10,3,4.062276e+01
8,10,5,3.189346e+01
8,10,10,1.265390e+01
8,10,20,1.193961e+01
8,10,30,1.193950e+01
8,10,40,1.193950e+01
8,10,50,1.193950e+01
8,10,60,1.193950e+01
8,10,70,1.193950e+01
8,10,80,1.193950e+01
8,10,90,1.193950e+01
8,10,100,1.193950e+01
